0    2.64486942143373e-17    1.66758919792945e-17    2.60100000148678e-11    2.6010043139454e-11
100    3.93266091682731e-17    1.63978725343695e-17    2.6009986484883e-11    2.60100422093647e-11
200    7.85697906535471e-17    1.61392441068924e-17    2.60099458935585e-11    2.60100406025932e-11
300    1.43499283754339e-16    1.5899096834662e-17    2.6009878239471e-11    2.60100376378516e-11
400    2.33445826796701e-16    1.56764942421081e-17    2.60097835202285e-11    2.60100326425495e-11
500    3.47749764085262e-16    1.54704777769337e-17    2.60096617324553e-11    2.60100249526971e-11
600    4.85760959188923e-16    1.52800713105504e-17    2.60095128717675e-11    2.6010013912798e-11
700    6.46838708788759e-16    1.51042855828363e-17    2.60093369327615e-11    2.60099988757559e-11
800    8.30351657100067e-16    1.49421225725327e-17    2.60091339089919e-11    2.60099792027715e-11
900    1.03567771087986e-15    1.47925797754613e-17    2.60089037929514e-11    2.6009954263242e-11
1000    1.26220395502966e-15    1.46546543736771e-17    2.60086465760532e-11    2.60099234346626e-11
1100    1.50932656880281e-15    1.4527347279664e-17    2.60083622486099e-11    2.6009886102526e-11
1200    1.77645074262368e-15    1.44096670407074e-17    2.60080507998128e-11    2.60098416602225e-11
1300    2.0629905955258e-15    1.43006335896804e-17    2.60077122177114e-11    2.60097895089405e-11
1400    2.36836909321421e-15    1.41992818295897e-17    2.60073464891917e-11    2.60097290575668e-11
1500    2.69201796675554e-15    1.41046650403885e-17    2.60069535999538e-11    2.60096597225856e-11
1600    3.03337763190015e-15    1.4015858097745e-17    2.60065335344889e-11    2.60095809279789e-11
1700    3.39189710903632e-15    1.39319604946456e-17    2.60060862760605e-11    2.600949210513e-11
1800    3.7670339437785e-15    1.38520991579347e-17    2.60056118066737e-11    2.60093926927166e-11
1900    4.15825412818759e-15    1.37754310530923e-17    2.60051101070558e-11    2.6009282136615e-11
2000    4.56503202262226e-15    1.37011455717785e-17    2.60045811566331e-11    2.60091598898013e-11
2100    4.98685027821738e-15    1.36284666978704e-17    2.6004024933501e-11    2.60090254122459e-11
2200    5.42319975998621e-15    1.35566549489176e-17    2.60034414144013e-11    2.60088781708162e-11
2300    5.8735794705395e-15    1.34850090911163e-17    2.60028305746964e-11    2.6008717639176e-11
2400    6.33749647441688e-15    1.34128676270397e-17    2.60021923883392e-11    2.60085432976813e-11
2500    6.81446582302135e-15    1.33396100565044e-17    2.60015268278479e-11    2.6008354633281e-11
2600    7.30401048015011e-15    1.32646579120189e-17    2.60008338642781e-11    2.60081511394162e-11
2700    7.80566124810968e-15    1.31874755713171e-17    2.60001134671913e-11    2.6007932315915e-11
2800    8.31895669440952e-15    1.31075708504751e-17    2.59993656046284e-11    2.60076976688937e-11
2900    8.84344307901789e-15    1.30244953820766e-17    2.59985902430753e-11    2.60074467106497e-11
3000    9.37867428217268e-15    1.29378447837801e-17    2.59977873474365e-11    2.60071789595635e-11
3100    9.92421173273233e-15    1.28472586235104e-17    2.59969568809991e-11    2.60068939399905e-11
3200    1.04796243370547e-14    1.27524201882669e-17    2.59960988054033e-11    2.60065911821606e-11
3300    1.10444884083906e-14    1.26530560643021e-17    2.59952130806062e-11    2.60062702220707e-11
3400    1.16183875967777e-14    1.25489355370674e-17    2.59942996648491e-11    2.60059306013814e-11
3500    1.22009128194215e-14    1.24398698199561e-17    2.59933585146227e-11    2.60055718673119e-11
3600    1.27916621915468e-14    1.23257111213988e-17    2.59923895846296e-11    2.60051935725322e-11
3700    1.33902409577083e-14    1.22063515603575e-17    2.5991392827749e-11    2.60047952750582e-11
3800    1.3996261423542e-14    1.20817219406726e-17    2.59903681949972e-11    2.60043765381427e-11
3900    1.4609342887945e-14    1.19517903950582e-17    2.59893156354897e-11    2.6003936930168e-11
4000    1.52291115756669e-14    1.18165609098348e-17    2.59882350964021e-11    2.60034760245387e-11
4100    1.5855200570301e-14    1.1676071741684e-17    2.59871265229287e-11    2.60029933995708e-11
4200    1.64872497476568e-14    1.15303937378822e-17    2.59859898582397e-11    2.60024886383811e-11
4300    1.71249057095025e-14    1.13796285715346e-17    2.59848250434385e-11    2.60019613287766e-11
4400    1.77678217176607e-14    1.12239069033739e-17    2.59836320175199e-11    2.60014110631444e-11
4500    1.84156576284473e-14    1.1063386481641e-17    2.5982410717322e-11    2.6000837438337e-11
4600    1.90680798274362e-14    1.0898250191479e-17    2.59811610774816e-11    2.60002400555593e-11
4700    1.97247611645393e-14    1.07287040651156e-17    2.59798830303854e-11    2.5999618520254e-11
4800    2.03853808893877e-14    1.0554975263913e-17    2.5978576506122e-11    2.59989724419867e-11
4900    2.10496245870053e-14    1.03773100431103e-17    2.59772414324323e-11    2.59983014343294e-11
5000    2.17171841137587e-14    1.01959717097768e-17    2.5975877734656e-11    2.59976051147414e-11
5100    2.23877575335783e-14    1.00112385841611e-17    2.59744853356805e-11    2.59968831044526e-11
5200    2.30610490544354e-14    9.82340197422685e-18    2.59730641558853e-11    2.59961350283417e-11
5300    2.37367689650694e-14    9.63276417274232e-18    2.5971614113088e-11    2.59953605148173e-11
5400    2.44146335719566e-14    9.43963648584258e-18    2.59701351224856e-11    2.5994559195694e-11
5500    2.50943651365083e-14    9.24433730148188e-18    2.59686270965941e-11    2.59937307060679e-11
5600    2.57756918124991e-14    9.04719020569055e-18    2.59670899451917e-11    2.59928746841944e-11
5700    2.64583475837111e-14    8.84852215400497e-18    2.5965523575254e-11    2.59919907713599e-11
5800    2.71420722017924e-14    8.64866170488311e-18    2.59639278908898e-11    2.59910786117533e-11
5900    2.78266111243256e-14    8.44793732134617e-18    2.59623027932764e-11    2.59901378523381e-11
6000    2.85117154530999e-14    8.24667574649764e-18    2.59606481805925e-11    2.59891681427213e-11
6100    2.9197141872588e-14    8.04520045797778e-18    2.59589639479464e-11    2.59881691350195e-11
6200    2.98826525886154e-14    7.8438302058109e-18    2.5957249987307e-11    2.59871404837258e-11
6300    3.0568015267236e-14    7.64287763750089e-18    2.59555061874287e-11    2.59860818455736e-11
6400    3.12530029737984e-14    7.44264801363041e-18    2.59537324337747e-11    2.59849928793965e-11
6500    3.19373941122111e-14    7.24343801662333e-18    2.59519286084429e-11    2.59838732459931e-11
6600    3.26209723644003e-14    7.04553465474224e-18    2.59500945900808e-11    2.59827226079799e-11
6700    3.33035266299749e-14    6.84921426281666e-18    2.59482302538065e-11    2.59815406296507e-11
6800    3.39848509660798e-14    6.65474160063439e-18    2.59463354711205e-11    2.59803269768282e-11
6900    3.4664744527459e-14    6.46236904938054e-18    2.59444101098232e-11    2.59790813167197e-11
7000    3.53430115067192e-14    6.27233590598262e-18    2.59424540339168e-11    2.59778033177595e-11
7100    3.60194610748067e-14    6.08486777471053e-18    2.59404671035219e-11    2.59764926494645e-11
7200    3.66939073216896e-14    5.90017605489939e-18    2.59384491747726e-11    2.59751489822704e-11
7300    3.73661691972657e-14    5.71845752319772e-18    2.59364000997242e-11    2.5973771987379e-11
7400    3.80360704524817e-14    5.53989400831948e-18    2.59343197262488e-11    2.59723613365953e-11
7500    3.87034395806893e-14    5.36465215586401e-18    2.59322078979288e-11    2.59709167021617e-11
7600    3.93681097592266e-14    5.19288328040044e-18    2.59300644539541e-11    2.59694377565966e-11
7700    4.0029918791241e-14    5.02472330165975e-18    2.59278892290035e-11    2.59679241725181e-11
7800    4.06887090477579e-14    4.86029276137201e-18    2.59256820531354e-11    2.59663756224759e-11
7900    4.13443274099975e-14    4.69969691699363e-18    2.59234427516664e-11    2.59647917787733e-11
8000    4.19966252119517e-14    4.54302590832665e-18    2.59211711450476e-11    2.59631723132855e-11
8100    4.26454581832207e-14    4.39035499280866e-18    2.5918867048742e-11    2.59615168972803e-11
8200    4.32906863921311e-14    4.24174484506607e-18    2.59165302730891e-11    2.59598252012261e-11
8300    4.39321741891182e-14    4.09724191617217e-18    2.59141606231732e-11    2.59580968946042e-11
8400    4.45697901504077e-14    3.95687884792298e-18    2.59117578986844e-11    2.59563316457136e-11
8500    4.52034070219738e-14    3.82067493735794e-18    2.59093218937712e-11    2.59545291214681e-11
8600    4.58329016638142e-14    3.68863664668733e-18    2.59068523968957e-11    2.59526889871961e-11
8700    4.64581549945101e-14    3.56075815376087e-18    2.59043491906785e-11    2.59508109064312e-11
8800    4.70790519361202e-14    3.43702193820282e-18    2.59018120517377e-11    2.59488945406958e-11
8900    4.76954813593735e-14    3.31739939837183e-18    2.58992407505281e-11    2.59469395492869e-11
9000    4.83073360292026e-14    3.20185149434769e-18    2.58966350511695e-11    2.59449455890502e-11
9100    4.89145125505993e-14    3.09032941222682e-18    2.58939947112701e-11    2.59429123141501e-11
9200    4.95169113148121e-14    2.98277524510757e-18    2.58913194817471e-11    2.59408393758371e-11
9300    5.01144364458822e-14    2.87912268626683e-18    2.58886091066346e-11    2.59387264222031e-11
9400    5.07069957475355e-14    2.77929773017103e-18    2.58858633228927e-11    2.5936573097938e-11
9500    5.12945006504192e-14    2.6832193771284e-18    2.58830818602045e-11    2.59343790440743e-11
9600    5.18768661597061e-14    2.5908003375612e-18    2.58802644407657e-11    2.59321438977257e-11
9700    5.24540108030508e-14    2.50194773207614e-18    2.58774107790693e-11    2.59298672918201e-11
9800    5.30258565789299e-14    2.41656378371174e-18    2.58745205816807e-11    2.59275488548234e-11
9900    5.35923289053343e-14    2.33454649896309e-18    2.58715935470065e-11    2.59251882104583e-11
10000    5.41533565688528e-14    2.25579033441153e-18    2.58686293650506e-11    2.59227849774098e-11
10100    5.47088716741216e-14    2.18018684602189e-18    2.58656277171682e-11    2.59203387690292e-11
10200    5.52588095936691e-14    2.10762531841394e-18    2.58625882758027e-11    2.59178491930217e-11
10300    5.58031089181292e-14    2.03799337166053e-18    2.58595107042191e-11    2.59153158511306e-11
10400    5.63417114068499e-14    1.97117754341672e-18    2.58563946562224e-11    2.59127383388068e-11
10500    5.68745619388935e-14    1.90706384443411e-18    2.58532397758695e-11    2.59101162448722e-11
10600    5.74016084644136e-14    1.84553828576657e-18    2.58500456971685e-11    2.59074491511712e-11
10700    5.79228019564405e-14    1.78648737622383e-18    2.58468120437627e-11    2.59047366322065e-11
10800    5.8438096363044e-14    1.72979858887486e-18    2.58435384286096e-11    2.59019782547713e-11
10900    5.89474485598992e-14    1.67536079564467e-18    2.58402244536403e-11    2.58991735775609e-11
11000    5.945081830324e-14    1.62306466928633e-18    2.58368697094088e-11    2.58963221507767e-11
11100    5.99481681832088e-14    1.57280305223577e-18    2.58334737747271e-11    2.58934235157133e-11
11200    6.04394635776055e-14    1.52447129208113e-18    2.58300362162844e-11    2.58904772043333e-11
11300    6.09246726060172e-14    1.47796754358846e-18    2.58265565882531e-11    2.58874827388267e-11
11400    6.14037660843558e-14    1.43319303742749e-18    2.58230344318746e-11    2.5884439631152e-11
11500    6.18767174797734e-14    1.39005231593397e-18    2.58194692750312e-11    2.58813473825633e-11
11600    6.2343502865987e-14    1.34845343642243e-18    2.58158606318018e-11    2.58782054831212e-11
11700    6.28041008789749e-14    1.30830814273244e-18    2.58122080019917e-11    2.58750134111788e-11
11800    6.32584926730778e-14    1.26953200584607e-18    2.5808510870653e-11    2.58717706328581e-11
11900    6.37066618774762e-14    1.23204453455562e-18    2.58047687075725e-11    2.58684766014945e-11
12000    6.41485945530661e-14    1.1957692572903e-18    2.58009809667486e-11    2.58651307570709e-11
12100    6.45842791497102e-14    1.16063377632551e-18    2.57971470858371e-11    2.58617325256206e-11
12200    6.50137064638787e-14    1.12656979569957e-18    2.57932664855785e-11    2.58582813186122e-11
12300    6.5436869596668e-14    1.09351312425221e-18    2.57893385691956e-11    2.58547765323054e-11
12400    6.58537639122021e-14    1.06140365527271e-18    2.57853627217662e-11    2.5851217547082e-11
12500    6.62643869964129e-14    1.03018532430737e-18    2.57813383095687e-11    2.58476037267504e-11
12600    6.66687386162001e-14    9.99806046724561e-19    2.57772646793947e-11    2.5843934417817e-11
12700    6.70668206789514e-14    9.70217636671302e-19    2.57731411578323e-11    2.58402089487289e-11
12800    6.74586371924621e-14    9.41375709077435e-19    2.57689670505165e-11    2.58364266290847e-11
12900    6.78441942251981e-14    9.13239566377009e-19    2.5764741641342e-11    2.58325867488068e-11
13000    6.82234998669525e-14    8.85772071614183e-19    2.57604641916403e-11    2.58286885772794e-11
13100    6.8596564189855e-14    8.5893950959133e-19    2.5756133939321e-11    2.58247313624503e-11
13200    6.89633992097526e-14    8.32711437696381e-19    2.57517500979629e-11    2.58207143298841e-11
13300    6.93240188479621e-14    8.07060528014017e-19    2.57473118558708e-11    2.58166366817793e-11
13400    6.96784388933756e-14    7.81962402288142e-19    2.57428183750787e-11    2.58124975959344e-11
13500    7.00266769649361e-14    7.57395461253934e-19    2.57382687903081e-11    2.58082962246685e-11
13600    7.03687524744759e-14    7.33340709802641e-19    2.57336622078706e-11    2.58040316936858e-11
13700    7.07046865899052e-14    7.09781579381589e-19    2.57289977045172e-11    2.57997031008887e-11
13800    7.10345021987756e-14    6.86703748963228e-19    2.57242743262289e-11    2.57953095151314e-11
13900    7.13582238721855e-14    6.64094965844517e-19    2.57194910869421e-11    2.57908499749093e-11
14000    7.16758778290546e-14    6.41944867461295e-19    2.5714646967211e-11    2.57863234869849e-11
14100    7.19874919007557e-14    6.20244805320653e-19    2.57097409127983e-11    2.57817290249438e-11
14200    7.22930954960926e-14    5.98987672071173e-19    2.57047718331855e-11    2.57770655276693e-11
14300    7.25927195666454e-14    5.7816773264482e-19    2.56997386000145e-11    2.57723318977489e-11
14400    7.28863965724638e-14    5.57780460317556e-19    2.56946400454315e-11    2.57675269997845e-11
14500    7.31741604481213e-14    5.37822378446931e-19    2.56894749603477e-11    2.57626496586182e-11
14600    7.34560465691224e-14    5.18290908557495e-19    2.56842420926006e-11    2.57576986574607e-11
14700    7.37320917186601e-14    4.9918422535736e-19    2.56789401450115e-11    2.57526727359143e-11
14800    7.40023340547378e-14    4.80501119181868e-19    2.56735677733327e-11    2.57475705878886e-11
14900    7.42668130776434e-14    4.62240866277558e-19    2.56681235840766e-11    2.57423908593951e-11
15000    7.45255695977717e-14    4.44403107254726e-19    2.56626061322155e-11    2.57371321462163e-11
15100    7.4778645703819e-14    4.26987733959079e-19    2.56570139187519e-11    2.57317929914435e-11
15200    7.5026084731314e-14    4.09994784935011e-19    2.56513453881362e-11    2.57263718828623e-11
15300    7.52679312315244e-14    3.93424349580262e-19    2.56455989255328e-11    2.57208672501886e-11
15400    7.55042309407076e-14    3.77276481022458e-19    2.5639772853918e-11    2.57152774621352e-11
15500    7.57350307497293e-14    3.61551117682046e-19    2.56338654309985e-11    2.57096008232993e-11
15600    7.59603786740334e-14    3.46248013426091e-19    2.56278748459352e-11    2.57038355708572e-11
15700    7.61803238239749e-14    3.31366676160372e-19    2.56217992158596e-11    2.56979798710502e-11
15800    7.63949163755162e-14    3.16906314655797e-19    2.56156365821675e-11    2.56920318154493e-11
15900    7.66042075412807e-14    3.02865793358454e-19    2.56093849065681e-11    2.56859894169752e-11
16000    7.68082495419671e-14    2.89243594890524e-19    2.56030420668738e-11    2.56798506056593e-11
16100    7.70070955781327e-14    2.76037789912558e-19    2.55966058525104e-11    2.56736132241263e-11
16200    7.72007998023393e-14    2.63246013985456e-19    2.55900739597178e-11    2.56672750227662e-11
16300    7.73894172916577e-14    2.50865451043376e-19    2.55834439864255e-11    2.56608336545826e-11
16400    7.757300402055e-14    2.38892823066558e-19    2.55767134267665e-11    2.56542866696799e-11
16500    7.7751616834111e-14    2.27324385525309e-19    2.55698796652082e-11    2.56476315093667e-11
16600    7.79253134216804e-14    2.16155928153572e-19    2.55629399702557e-11    2.56408654998334e-11
16700    7.80941522908304e-14    2.05382780601242e-19    2.55558914877028e-11    2.56339858453764e-11
16800    7.82581927417131e-14    1.94999822510605e-19    2.55487312333822e-11    2.56269896211237e-11
16900    7.84174948417967e-14    1.85001497560994e-19    2.55414560853719e-11    2.56198737652152e-11
17000    7.8572119400969e-14    1.75381831029325e-19    2.55340627756069e-11    2.56126350703897e-11
17100    7.87221279470135e-14    1.6613445042056e-19    2.55265478808489e-11    2.56052701749304e-11
17200    7.88675827014656e-14    1.57252608731969e-19    2.55189078129373e-11    2.55977755528914e-11
17300    7.90085465558696e-14    1.48729209927748e-19    2.55111388082722e-11    2.55901475035573e-11
17400    7.91450830483889e-14    1.40556836215832e-19    2.5503236916439e-11    2.55823821400442e-11
17500    7.9277256340826e-14    1.32727776736238e-19    2.54951979878989e-11    2.55744753769675e-11
17600    7.94051311960262e-14    1.25234057290121e-19    2.54870176606462e-11    2.55664229170763e-11
17700    7.95287729556737e-14    1.18067470759925e-19    2.5478691345731e-11    2.55582202367541e-11
17800    7.96482475185023e-14    1.11219607893864e-19    2.54702142115263e-11    2.55498625702645e-11
17900    7.97636213188847e-14    1.04681888151796e-19    2.54615811666071e-11    2.55413448926079e-11
18000    7.98749613058647e-14    9.84455903345953e-20    2.54527868410924e-11    2.55326619008438e-11
18100    7.99823349225909e-14    9.25018827442332e-20    2.54438255662847e-11    2.55238079937092e-11
18200    8.00858100861827e-14    8.68418526476178e-20    2.5434691352407e-11    2.5514777249335e-11
18300    8.01854551680552e-14    8.14565348431089e-20    2.54253778642332e-11    2.55055634008578e-11
18400    8.02813389746712e-14    7.63369391540486e-20    2.54158783943587e-11    2.54961598096704e-11
18500    8.03735307287881e-14    7.147407669904e-20    2.54061858338359e-11    2.54865594360388e-11
18600    8.04621000511931e-14    6.68589848133161e-20    2.53962926398517e-11    2.54767548067619e-11
18700    8.05471169429477e-14    6.24827505193867e-20    2.53861908000906e-11    2.54667379795163e-11
18800    8.06286517681781e-14    5.83365324682038e-20    2.53758717933581e-11    2.54565005034628e-11
18900    8.07067752374612e-14    5.44115812937412e-20    2.53653265459887e-11    2.54460333756377e-11
19000    8.07815583918086e-14    5.06992583447936e-20    2.53545453834827e-11    2.54353269925738e-11
19100    8.0853072587357e-14    4.71910527768261e-20    2.53435179767327e-11    2.54243710965112e-11
19200    8.09213894807772e-14    4.38785970047626e-20    2.53322332820987e-11    2.54131547154581e-11
19300    8.09865810155193e-14    4.07536805339726e-20    2.5320679474457e-11    2.54016660962262e-11
19400    8.10487194089652e-14    3.78082622014455e-20    2.53088438722293e-11    2.53898926294466e-11
19500    8.11078771406384e-14    3.50344808725368e-20    2.52967128531902e-11    2.53778207653654e-11
19600    8.11641269415974e-14    3.24246646502235e-20    2.52842717596742e-11    2.53654359190405e-11
19700    8.12175417852082e-14    2.99713386638835e-20    2.52715047915291e-11    2.53527223632856e-11
19800    8.12681948795604e-14    2.76672315130824e-20    2.52583948848693e-11    2.53396631074161e-11
19900    8.13161596617786e-14    2.55052804487383e-20    2.52449235743046e-11    2.53262397594716e-11
20000    8.13615097946625e-14    2.34786353793826e-20    2.52310708358632e-11    2.53124323691365e-11
20100    8.14043191661072e-14    2.15806617942279e-20    2.52168149072823e-11    2.52982192480291e-11
20200    8.14446618919408e-14    1.98049426971923e-20    2.52021320816142e-11    2.5283576763311e-11
20300    8.14826123229917e-14    1.81452796472733e-20    2.5186996469269e-11    2.52684790997372e-11
20400    8.1518245057429e-14    1.6595693000647e-20    2.51713797225045e-11    2.52528979841576e-11
20500    8.15516349597511e-14    1.51504214486648e-20    2.51552507150278e-11    2.5236802365138e-11
20600    8.15828571882366e-14    1.38039209437091e-20    2.51385751676266e-11    2.52201580386187e-11
20700    8.1611987233282e-14    1.25508631017346e-20    2.51213152085519e-11    2.52029272083361e-11
20800    8.16391009698614e-14    1.13861331662881e-20    2.51034288545e-11    2.5185067966856e-11
20900    8.16642747284915e-14    1.0304827614102e-20    2.50848693943452e-11    2.51665336793785e-11
21000    8.16875853907539e-14    9.30225147697113e-21    2.50655846528998e-11    2.51472722475928e-11
21100    8.17091105176743e-14    8.37391544874399e-21    2.50455161055368e-11    2.51272252244284e-11
21200    8.1728928522646e-14    7.51553283994379e-21    2.50245978058906e-11    2.51063267419288e-11
21300    8.17471189054465e-14    6.72301643586979e-21    2.50027550771759e-11    2.50845022028043e-11
21400    8.17637625711828e-14    5.99247530709961e-21    2.4979902901717e-11    2.50616666702807e-11
21500    8.17789422689185e-14    5.32021161421165e-21    2.49559439211042e-11    2.50377228686934e-11
21600    8.17927432016335e-14    4.70271744129619e-21    2.49307659282595e-11    2.50125586761638e-11
21700    8.1805253885524e-14    4.13667168544087e-21    2.49042386881738e-11    2.4986043946196e-11
21800    8.18165673789029e-14    3.61893702191843e-21    2.48762098594313e-11    2.49580264304292e-11
21900    8.18267830701121e-14    3.14655695715779e-21    2.48464996929353e-11    2.4928326479152e-11
22000    8.1836009330174e-14    2.71675297368409e-21    2.48148940397148e-11    2.48967300517617e-11
22100    8.18443675370099e-14    2.32692176283627e-21    2.47811349762599e-11    2.48629793461238e-11
22200    8.18519983374641e-14    1.97463253190032e-21    2.47449080016324e-11    2.48267600019445e-11
22300    8.18590716792869e-14    1.65762436168966e-21    2.47058241825291e-11    2.4787683255866e-11
22400    8.18658034317266e-14    1.37380357764213e-21    2.46633946477496e-11    2.47452604525551e-11
22500    8.18724840202306e-14    1.12124108043852e-21    2.46169931269288e-11    2.46988656120703e-11
22600    8.18795300859333e-14    8.98169558050231e-22    2.45657991072313e-11    2.46476786382154e-11
22700    8.18875829605018e-14    7.02980464518478e-22    2.45087081730895e-11    2.4590595756753e-11
22800    8.18977093929569e-14    5.34220591138757e-22    2.44441837958687e-11    2.45260815057958e-11
22900    8.1911846307363e-14    3.90587951416455e-22    2.43699977180724e-11    2.44519095647703e-11
23000    8.19338976113601e-14    2.70926504054662e-22    2.4282740412045e-11    2.43646743099273e-11
23100    8.19728549952834e-14    1.7421883007775e-22    2.41768037308498e-11    2.42587765860193e-11
23200    8.20536753534632e-14    9.95749296779325e-23    2.4041960784068e-11    2.4124014459521e-11
23300    8.22693398485544e-14    4.62126938764973e-23    2.38563083345008e-11    2.39385776743955e-11
23400    8.32351827618179e-14    1.34162737603224e-23    2.35568800638807e-11    2.36401152466559e-11
23500    1.24182829819784e-13    3.95665201623384e-25    2.27258911185528e-11    2.2850073948373e-11
23600    -nan    -nan    -nan    -nan
23700    -nan    -nan    -nan    -nan
23800    -nan    -nan    -nan    -nan
23900    -nan    -nan    -nan    -nan
24000    -nan    -nan    -nan    -nan
24100    -nan    -nan    -nan    -nan
24200    -nan    -nan    -nan    -nan
24300    -nan    -nan    -nan    -nan
24400    -nan    -nan    -nan    -nan
24500    -nan    -nan    -nan    -nan
24600    -nan    -nan    -nan    -nan
24700    -nan    -nan    -nan    -nan
24800    -nan    -nan    -nan    -nan
