0    -5.64901614628656e-17    1.83036433055866e-09    1.83036433055866e-09
100    3.10324131380115e-09    1.86202539428456e-09    1.86202538272793e-09
200    6.19312275974242e-09    1.89437395731275e-09    1.89437393384857e-09
300    9.27010488685266e-09    1.92742796087769e-09    1.92742792514277e-09
400    1.23346617264541e-08    1.9612058945916e-09    1.96120584620997e-09
500    1.53872180428953e-08    1.9957268156759e-09    1.99572675425854e-09
600    1.84282818103827e-08    2.03101036895449e-09    2.03101029409843e-09
700    2.14583097202582e-08    2.06707680764249e-09    2.06707671893054e-09
800    2.44777728815101e-08    2.10394701496591e-09    2.10394691196604e-09
900    2.74871618516823e-08    2.1416425266492e-09    2.14164240891385e-09
1000    3.0486961689207e-08    2.18018555430948e-09    2.18018542137502e-09
1100    3.34776641423581e-08    2.21959900979851e-09    2.21959886118453e-09
1200    3.6459769518243e-08    2.25990653053485e-09    2.25990636574351e-09
1300    3.94337791433467e-08    2.30113250587157e-09    2.30113232438688e-09
1400    4.24001981015196e-08    2.34330210454643e-09    2.34330190583349e-09
1500    4.53595444831044e-08    2.38644130326427e-09    2.3864410867685e-09
1600    4.83123567069116e-08    2.4305769164637e-09    2.43057668160992e-09
1700    5.12591192943001e-08    2.4757366273229e-09    2.47573637351475e-09
1800    5.42003946241897e-08    2.52194902006191e-09    2.52194874668066e-09
1900    5.71367335228259e-08    2.5692436136022e-09    2.56924332000584e-09
2000    6.00686533213909e-08    2.61765089664688e-09    2.61765058216937e-09
2100    6.29967237440154e-08    2.66720236424869e-09    2.66720202819869e-09
2200    6.59215082716515e-08    2.71793055593605e-09    2.71793019759591e-09
2300    6.88435569212942e-08    2.76986909547137e-09    2.76986871409611e-09
2400    7.17634582256141e-08    2.82305273231946e-09    2.82305232713544e-09
2500    7.46818047079724e-08    2.87751738490842e-09    2.87751695511207e-09
2600    7.75991657689729e-08    2.9333001857691e-09    2.93329973052584e-09
2700    8.05161599462852e-08    2.99043952864462e-09    2.99043904708725e-09
2800    8.34333748894645e-08    3.04897511766552e-09    3.048974608893e-09
2900    8.63514548188818e-08    3.10894801869197e-09    3.10894748176765e-09
3000    8.92710063023098e-08    3.17040071292943e-09    3.17040014687976e-09
3100    9.21926789428734e-08    3.23337715293027e-09    3.23337655674292e-09
3200    9.51171021866289e-08    3.29792282109975e-09    3.29792219372209e-09
3300    9.80449425036371e-08    3.36408479083161e-09    3.36408413116867e-09
3400    1.00976870072309e-07    3.43191179040489e-09    3.43191109731754e-09
3500    1.03913550352084e-07    3.50145426978157e-09    3.50145354208456e-09
3600    1.06855682134525e-07    3.57276447045179e-09    3.5727637069115e-09
3700    1.09803954501234e-07    3.64589649848203e-09    3.64589569781441e-09
3800    1.12759086196917e-07    3.72090640093017e-09    3.72090556179825e-09
3900    1.15721809046925e-07    3.79785224580083e-09    3.79785136681227e-09
4000    1.18692849235578e-07    3.87679420572393e-09    3.87679328542854e-09
4100    1.21672948727646e-07    3.95779464555024e-09    3.95779368243727e-09
4200    1.24662876327738e-07    4.04091821406861e-09    4.04091720656376e-09
4300    1.27663419472645e-07    4.12623194006138e-09    4.12623088652375e-09
4400    1.30675358887983e-07    4.2138053329272e-09    4.21380423164629e-09
4500    1.33699501199308e-07    4.30371048811375e-09    4.30370933730601e-09
4600    1.36736666089303e-07    4.39602219761716e-09    4.39602099542248e-09
4700    1.39787698940052e-07    4.49081806581996e-09    4.49081681029789e-09
4800    1.42853452609771e-07    4.58817863095579e-09    4.58817732008166e-09
4900    1.45934787727254e-07    4.68818749250588e-09    4.68818612416678e-09
5000    1.49032602072085e-07    4.79093144485114e-09    4.79093001684139e-09
5100    1.52147798674445e-07    4.89650061752266e-09    4.8964991275393e-09
5200    1.55281313718371e-07    5.00498862241468e-09    5.00498706805251e-09
5300    1.58434078617576e-07    5.11649270834607e-09    5.11649108709271e-09
5400    1.61607054014928e-07    5.23111392337998e-09    5.23111223261043e-09
5500    1.64801246664636e-07    5.34895728533679e-09    5.34895552230742e-09
5600    1.68017652512801e-07    5.47013196096228e-09    5.47013012280513e-09
5700    1.7125729387794e-07    5.59475145424185e-09    5.59474953795819e-09
5800    1.7452123664926e-07    5.72293380438236e-09    5.72293180683574e-09
5900    1.77810555811662e-07    5.8548017940161e-09    5.85479971192535e-09
6000    1.81126348136003e-07    5.99048316821655e-09    5.99048099814827e-09
6100    1.84469748205923e-07    6.13011086495318e-09    6.13010860331359e-09
6200    1.87841905158227e-07    6.27382325765291e-09    6.27382090067953e-09
6300    1.91243995930484e-07    6.42176441057886e-09    6.42176195433156e-09
6400    1.946772556774e-07    6.5740843477831e-09    6.5740817881342e-09
6500    1.98142893557421e-07    6.73093933643975e-09    6.73093666906468e-09
6600    2.0164219857043e-07    6.89249218541757e-09    6.89248940578358e-09
6700    2.05176462935741e-07    7.05891256000806e-09    7.05890966336324e-09
6800    2.0874704494867e-07    7.23037731378596e-09    7.2303742951468e-09
6900    2.12355278736086e-07    7.4070708386445e-09    7.40706769278398e-09
7000    2.16002618847158e-07    7.58918543411781e-09    7.58918215555066e-09
7100    2.19690460160862e-07    7.77692169717828e-09    7.77691828014802e-09
7200    2.23420313115747e-07    7.97048893377768e-09    7.97048537224021e-09
7300    2.27193688206372e-07    8.17010559348766e-09    8.17010188109566e-09
7400    2.31012141119487e-07    8.37599972868909e-09    8.37599585877472e-09
7500    2.3487730504181e-07    8.58840947986002e-09    8.58840544541602e-09
7600    2.38790795143245e-07    8.80758358862058e-09    8.8075793822818e-09
7700    2.4275433425933e-07    9.03378194030972e-09    9.03377755433135e-09
7800    2.46769657928678e-07    9.26727613799415e-09    9.26727156423015e-09
7900    2.50838551029022e-07    9.50835010994527e-09    9.50834533982494e-09
8000    2.54962880878974e-07    9.75730075276618e-09    9.75729577726843e-09
8100    2.5914452192002e-07    1.00144386125077e-08    1.00144334221352e-08
8200    2.63385453191833e-07    1.02800886062827e-08    1.02800831910326e-08
8300    2.67687688230519e-07    1.05545907870716e-08    1.05545851364051e-08
8400    2.72053283267696e-07    1.08383011546092e-08    1.083829525742e-08
8500    2.7648440090983e-07    1.11315925154594e-08    1.11315863600377e-08
8600    2.80983239504262e-07    1.14348553956123e-08    1.14348489696087e-08
8700    2.85552057567331e-07    1.17484990091939e-08    1.17484922995797e-08
8800    2.90193224948871e-07    1.20729522871443e-08    1.20729452801684e-08
8900    2.94909153415102e-07    1.24086649700193e-08    1.24086576511636e-08
9000    2.99702332452534e-07    1.27561087693847e-08    1.27561011233159e-08
9100    3.04575351049425e-07    1.31157786026214e-08    1.31157706131381e-08
9200    3.09530854380192e-07    1.34881939063296e-08    1.34881855563079e-08
9300    3.1457161890544e-07    1.38739000339324e-08    1.38738913052648e-08
9400    3.19700480992631e-07    1.42734697435152e-08    1.42734606170478e-08
9500    3.24920366678707e-07    1.46875047824213e-08    1.46874952378855e-08
9600    3.30234320684567e-07    1.5116637575643e-08    1.51166275915812e-08
9700    3.35645483986267e-07    1.55615330256165e-08    1.55615225793034e-08
9800    3.41157115642141e-07    1.60228904316461e-08    1.60228794990036e-08
9900    3.4677256959656e-07    1.65014455378562e-08    1.65014340933629e-08
10000    3.52495350960144e-07    1.69979727193036e-08    1.69979607358952e-08
10100    3.58329049368964e-07    1.75132873166807e-08    1.7513274765646e-08
10200    3.64277410946264e-07    1.80482481309155e-08    1.80482349817821e-08
10300    3.70344299218948e-07    1.86037600899256e-08    1.86037463103377e-08
10400    3.76533748054257e-07    1.91807771008251e-08    1.91807626564108e-08
10500    3.82849924586845e-07    1.97803051020225e-08    1.97802899562517e-08
10600    3.89297128652983e-07    2.04034053308931e-08    2.04033894449251e-08
10700    3.95879873545972e-07    2.10511978240736e-08    2.10511811565892e-08
10800    4.02602795785111e-07    2.17248651689215e-08    2.17248476759456e-08
10900    4.09470734805919e-07    2.24256565263184e-08    2.24256381610258e-08
11000    4.16488714237156e-07    2.31548919467977e-08    2.31548726593034e-08
11100    4.23661956304059e-07    2.3913967003947e-08    2.39139467410795e-08
11200    4.30995890949162e-07    2.47043577712061e-08    2.47043364762619e-08
11300    4.38496149621134e-07    2.55276261705673e-08    2.55276037830455e-08
11400    4.4616861059891e-07    2.6385425724306e-08    2.6385402179619e-08
11500    4.54019398433135e-07    2.72795077437618e-08    2.72794829729216e-08
11600    4.62054853086167e-07    2.82117279923736e-08    2.8211701921654e-08
11700    4.70281630377577e-07    2.91840538636867e-08    2.91840264142508e-08
11800    4.7870660147954e-07    3.01985721189253e-08    3.01985432064275e-08
11900    4.87336985241706e-07    3.12574972330103e-08    3.12574667671562e-08
12000    4.96180277315391e-07    3.23631804026388e-08    3.23631482867111e-08
12100    5.05244312824068e-07    3.35181192752814e-08    3.35180854056202e-08
12200    5.14537255453154e-07    3.47249684637632e-08    3.47249327292017e-08
12300    5.24067636563632e-07    3.5986550917529e-08    3.59865131987754e-08
12400    5.33844376917963e-07    3.73058702288335e-08    3.73058303977967e-08
12500    5.43876772402083e-07    3.86861239600323e-08    3.86860818790867e-08
12600    5.5417455923859e-07    4.01307180869621e-08    4.01306736081407e-08
12700    5.64747918592015e-07    4.16432826632102e-08    4.16432356273224e-08
12800    5.75607490505729e-07    4.3227688820998e-08    4.32276390566637e-08
12900    5.86764421491047e-07    4.48880672365797e-08    4.4888014559169e-08
13000    5.98230404272066e-07    4.66288282016512e-08    4.66287724121191e-08
13100    6.10017640158105e-07    4.8454683457443e-08    4.84546243410558e-08
13200    6.22138966102383e-07    5.03706699651431e-08    5.03706072900691e-08
13300    6.34607816883426e-07    5.23821758053012e-08    5.23821093210669e-08
13400    6.47438304235672e-07    5.44949684201518e-08    5.44948978559376e-08
13500    6.60645223223488e-07    5.67152254366787e-08    5.67151504994426e-08
13600    6.74244125844279e-07    5.90495683350637e-08    5.90494887074682e-08
13700    6.88251360510209e-07    6.15050992573178e-08    6.15050145954396e-08
13800    7.0268409455449e-07    6.40894412848302e-08    6.40893512156315e-08
13900    7.17560408853912e-07    6.68107825518235e-08    6.68106866703474e-08
14000    7.32899322309616e-07    6.9677924604852e-08    6.96778224711194e-08
14100    7.48720837196813e-07    7.27003354672317e-08    7.27002266028011e-08
14200    7.65046090734861e-07    7.58882079224232e-08    7.58880918065584e-08
14300    7.81897302475977e-07    7.92525235928343e-08    7.92523996582623e-08
14400    7.99297944884358e-07    8.28051234613114e-08    8.28049910894871e-08
14500    8.17272790048606e-07    8.65587855629936e-08    8.65586440788289e-08
14600    8.35847994051698e-07    9.05273106666169e-08    9.05271593326013e-08
14700    8.5505120229606e-07    9.47256168684438e-08    9.47254548780771e-08
14800    8.74911639732149e-07    9.91698441406797e-08    9.91696706111297e-08
14900    8.95460234005367e-07    1.03877470011754e-07    1.03877283975634e-07
15000    9.16729753411464e-07    1.08867437710827e-07    1.08867238106972e-07
15100    9.38754879209221e-07    1.14160298286372e-07    1.14160083949499e-07
15200    9.61572408832646e-07    1.19778368412297e-07    1.1977813806137e-07
15300    9.85221385274551e-07    1.25745905828986e-07    1.25745658054119e-07
15400    1.00974326089256e-06    1.32089304635817e-07    1.32089037883516e-07
15500    1.03518207996132e-06    1.38837312962021e-07    1.38837025518521e-07
15600    1.06158467597749e-06    1.46021275901016e-07    1.46020965873447e-07
15700    1.08900089821103e-06    1.53675407007742e-07    1.53675072302794e-07
15800    1.11748382649743e-06    1.61837092138713e-07    1.61836730438451e-07
15900    1.14709004734567e-06    1.70547229971922e-07    1.7054683870631e-07
16000    1.17787994860017e-06    1.79850614192029e-07    1.79850190507663e-07
16100    1.20991797188339e-06    1.897963630817e-07    1.89795903806195e-07
16200    1.24327301501612e-06    2.00438403142016e-07    2.0043790474332e-07
16300    1.2780187528003e-06    2.11836014396787e-07    2.11835472936682e-07
16400    1.3142340834313e-06    2.24054446245457e-07    2.24053857326252e-07
16500    1.35200352900616e-06    2.3716561415065e-07    2.37164972854023e-07
16600    1.39141778682618e-06    2.51248889120101e-07    2.51248189936727e-07
16700    1.43257424162205e-06    2.6639199391781e-07    2.66391230666286e-07
16800    1.47557755420974e-06    2.82692022275586e-07    2.82691188008811e-07
16900    1.52054034983453e-06    3.00256600146245e-07    3.00255687043081e-07
17000    1.5675839770963e-06    3.19205211332305e-07    3.19204210571925e-07
17100    1.61683924495097e-06    3.39670713747458e-07    3.39669615363353e-07
17200    1.66844744676564e-06    3.61801077255401e-07    3.61799869965248e-07
17300    1.72256128370896e-06    3.85761379645637e-07    3.85760050652692e-07
17400    1.77934604166221e-06    4.1173610405067e-07    4.11734638811264e-07
17500    1.83898082560281e-06    4.39931789234098e-07    4.39930171184823e-07
17600    1.90166001012849e-06    4.70580093995737e-07    4.70578304232448e-07
17700    1.9675947924554e-06    5.03941348836119e-07    5.03939365735274e-07
17800    2.03701498023278e-06    5.40308682484287e-07    5.4030648125501e-07
17900    2.11017100960037e-06    5.8001282852993e-07    5.80010380682584e-07
18000    2.18733621299419e-06    6.23427738982776e-07    6.23425011696602e-07
18100    2.26880931864278e-06    6.70977158082495e-07    6.70974113450944e-07
18200    2.35491742487652e-06    7.23142342338859e-07    7.23138936465874e-07
18300    2.44601924354014e-06    7.80471153173741e-07    7.80467335088161e-07
18400    2.54250885097043e-06    8.43588798688276e-07    8.43584509035208e-07
18500    2.64481993862612e-06    9.13210563596793e-07    9.13205733054555e-07
18600    2.75343073094766e-06    9.90156944625664e-07    9.90151491983558e-07
18700    2.86886955306604e-06    1.075371707053e-06    1.0753655368684e-06
18800    2.99172127344014e-06    1.16994350228978e-06    1.16993650202099e-06
18900    3.12263473289934e-06    1.27513184399383e-06    1.27512388047673e-06
19000    3.26233132993866e-06    1.3923984410929e-06    1.39238935619242e-06
19100    3.41161499038416e-06    1.52344514345543e-06    1.52343474867431e-06
19200    3.57138369930683e-06    1.67026008739524e-06    1.67024815715855e-06
19300    3.74264312521341e-06    1.83517405739421e-06    1.83516032064248e-06
19400    3.92652240000934e-06    2.020929639381e-06    2.02091376899232e-06
19500    4.12429284598928e-06    2.23076647319593e-06    2.23074807260341e-06
19600    4.33738996446013e-06    2.4685268772583e-06    2.46850546342377e-06
19700    4.56743957525388e-06    2.73878739947344e-06    2.7387623810958e-06
19800    4.81628890041247e-06    3.04702355995654e-06    3.04699420940639e-06
19900    5.0860437667523e-06    3.39981735440758e-06    3.39978277134374e-06
20000    5.37911334658671e-06    3.80512021004716e-06    3.80507927392155e-06
20100    5.69826404315946e-06    4.27258835456558e-06    4.27253966216986e-06
20200    6.0466850888283e-06    4.81401344183639e-06    4.81395522454182e-06
20300    6.42806848652169e-06    5.44387945918626e-06    5.44380947237614e-06
20400    6.84670723951846e-06    6.18008842420382e-06    6.18000379827092e-06
20500    7.30761663805824e-06    7.0449136578703e-06    7.04481069556619e-06
20600    7.81668524166129e-06    8.06626274191471e-06    8.06613664002655e-06
20700    8.38086381977286e-06    9.27936605375227e-06    9.27921051684934e-06
20800    9.0084039112512e-06    1.07290563034323e-05    1.07288630018281e-05
20900    9.70916122593153e-06    1.24728780396432e-05    1.24726358396271e-05
21000    1.04949849843615e-05    1.45853767787468e-05    1.45850706353392e-05
21100    1.13802221097339e-05    1.71640864444911e-05    1.71636957867047e-05
21200    1.23823766872999e-05    2.03379960115187e-05    2.03374923522998e-05
21300    1.35229819686704e-05    2.42796898921931e-05    2.42790332334558e-05
21400    1.48287666948596e-05    2.92230211567852e-05    2.92221544869112e-05
21500    1.63332353333054e-05    3.54892656225794e-05    3.548810633246e-05
21600    1.80788387618525e-05    4.35265279942677e-05    4.3524954204557e-05
21700    2.01200018274929e-05    5.397029616057e-05    5.39681244393503e-05
21800    2.25274172221621e-05    6.77385358199025e-05    6.77354839401366e-05
21900    2.53942493734925e-05    8.61846626979404e-05    8.61802856194596e-05
22000    2.88452845607039e-05    0.000111350301173493    0.00011134387749654
22100    3.30507422717675e-05    0.000146395658915787    0.000146385982265223
22200    3.82476725520705e-05    0.000196357619682299    0.000196342599812892
22300    4.47741036859434e-05    0.000269537704521256    0.000269513568983644
22400    5.31254240318677e-05    0.00038015864859083    0.000380118258557756
22500    6.40512234817321e-05    0.000553718571019894    0.000553647642859053
22600    7.872952475042e-05    0.000838458671697284    0.000838326659185075
22700    9.90980802714035e-05    0.00133177950874612    0.0013315155813155
22800    0.000128528130082966    0.00224674454032025    0.00224616707479173
22900    0.000173314097351406    0.00409918173780553    0.00409776109205793
23000    0.000246339842986495    0.00831536855253649    0.00831127274832905
23100    0.000377489141652069    0.019628602412422    0.0196137888358333
23200    0.000649847921743518    0.0585924533869642    0.0585163504741572
23300    0.00137240455749991    0.264429475965136    0.263704662266855
23400    0.0045754680349887    3.02783632497512    3.00025498587035
23500    0.12035377673044    3945.65082676223    3097.92935070088
23600    -nan    -nan    -nan
23700    -nan    -nan    -nan
23800    -nan    -nan    -nan
23900    -nan    -nan    -nan
24000    -nan    -nan    -nan
24100    -nan    -nan    -nan
24200    -nan    -nan    -nan
24300    -nan    -nan    -nan
24400    -nan    -nan    -nan
24500    -nan    -nan    -nan
24600    -nan    -nan    -nan
24700    -nan    -nan    -nan
24800    -nan    -nan    -nan
