0    1    4.27827573977959e-05    4.27827573977959e-05
100    1.00429665720484    4.31511922695603e-05    4.296657960573e-05
200    1.00863039616929    4.35244064556055e-05    4.31519877062084e-05
300    1.01300169893195    4.39024823999473e-05    4.3339001747219e-05
400    1.01741105586503    4.42855043393614e-05    4.35276421305534e-05
500    1.02185896585603    4.46735583502804e-05    4.3717929619433e-05
600    1.02634593649406    4.50667323971296e-05    4.39098853463335e-05
700    1.03087248426115    4.54651163821505e-05    4.41035308210175e-05
800    1.03543913472854    4.58688021967645e-05    4.42988879387775e-05
900    1.0400464227583    4.62778837745331e-05    4.44959789888993e-05
1000    1.04469489271018    4.66924571457691e-05    4.46948266633504e-05
1100    1.04938509865417    4.71126204938603e-05    4.48954540657018e-05
1200    1.05411760458863    4.75384742133659e-05    4.50978847202897e-05
1300    1.05889298466441    4.79701209699493e-05    4.53021425816247e-05
1400    1.06371182341507    4.84076657622161e-05    4.55082520440568e-05
1500    1.06857471599328    4.88512159855235e-05    4.57162379517043e-05
1600    1.07348226841383    4.93008814978364e-05    4.59261256086541e-05
1700    1.07843509780324    4.97567746877036e-05    4.61379407894433e-05
1800    1.08343383265633    5.02190105444334e-05    4.63517097498311e-05
1900    1.08847911309987    5.06877067305496e-05    4.65674592378686e-05
2000    1.09357159116364    5.11629836566133e-05    4.67852165052788e-05
2100    1.09871193105909    5.16449645584997e-05    4.70050093191554e-05
2200    1.1039008094658    5.21337755772211e-05    4.72268659739907e-05
2300    1.10913891582613    5.26295458413937e-05    4.74508153040442e-05
2400    1.11442695264823    5.31324075524483e-05    4.7676886696063e-05
2500    1.11976563581763    5.36424960726886e-05    4.79051101023655e-05
2600    1.12515569491793    5.41599500163091e-05    4.81355160543002e-05
2700    1.13059787356062    5.46849113434832e-05    4.83681356760936e-05
2800    1.13609292972456    5.52175254576436e-05    4.86030006990985e-05
2900    1.14164163610523    5.57579413060774e-05    4.88401434764577e-05
3000    1.14724478047437    5.63063114839663e-05    4.90795969981962e-05
3100    1.15290316605007    5.68627923420075e-05    4.93213949067584e-05
3200    1.15861761187786    5.74275440977564e-05    4.95655715130024e-05
3300    1.16438895322316    5.8000730950839e-05    4.98121618126711e-05
3400    1.17021804197537    5.85825212021887e-05    5.00612015033536e-05
3500    1.17610574706414    5.91730873774689e-05    5.03127270019556e-05
3600    1.18205295488822    5.97726063548495e-05    5.05667754626963e-05
3700    1.18806056975729    6.03812594973145e-05    5.08233847956504e-05
3800    1.19412951434721    6.09992327896849e-05    5.10825936858542e-05
3900    1.20026073016929    6.16267169805502e-05    5.1344441612997e-05
4000    1.20645517805397    6.22639077293092e-05    5.16089688717172e-05
4100    1.21271383864946    6.29110057585335e-05    5.18762165925263e-05
4200    1.21903771293594    6.35682170118733e-05    5.2146226763383e-05
4300    1.22542782275575    6.42357528177368e-05    5.24190422519403e-05
4400    1.23188521136033    6.49138300589882e-05    5.26947068284925e-05
4500    1.23841094397442    6.5602671348915e-05    5.29732651896445e-05
4600    1.24500610837814    6.63025052137335e-05    5.32547629827337e-05
4700    1.25167181550771    6.70135662819101e-05    5.35392468310296e-05
4800    1.25840920007543    6.77360954805913e-05    5.3826764359742e-05
4900    1.26521942120967    6.84703402394488e-05    5.41173642228671e-05
5000    1.27210366311565    6.92165547022613e-05    5.44110961309043e-05
5100    1.27906313575776    6.99749999465713e-05    5.47080108794754e-05
5200    1.28609907556423    7.07459442117686e-05    5.50081603788815e-05
5300    1.29321274615516    7.15296631359751e-05    5.53115976846342e-05
5400    1.30040543909452    7.2326440002118e-05    5.56183770289975e-05
5500    1.30767847466742    7.3136565993604e-05    5.59285538535798e-05
5600    1.3150332026833    7.39603404600214e-05    5.62421848430189e-05
5700    1.3224710033063    7.47980711933259e-05    5.65593279597995e-05
5800    1.32999328791371    7.5650074714982e-05    5.68800424802522e-05
5900    1.33760149998381    7.65166765745619e-05    5.72043890317765e-05
6000    1.34529711601409    7.73982116603256e-05    5.75324296313404e-05
6100    1.35308164647111    7.82950245223359e-05    5.78642277253056e-05
6200    1.36095663677348    7.92074697086892e-05    5.81998482306331e-05
6300    1.36892366830893    8.01359121154733e-05    5.85393575775246e-05
6400    1.3769843594873    8.10807273510981e-05    5.88828237535591e-05
6500    1.38514036683053    8.20423021156753e-05    5.92303163493848e-05
6600    1.39339338610151    8.30210345961647e-05    5.95819066060331e-05
6700    1.40174515347318    8.40173348780361e-05    5.99376674639195e-05
6800    1.41019744673965    8.50316253742451e-05    6.02976736136039e-05
6900    1.41875208657122    8.60643412723556e-05    6.06620015483836e-05
7000    1.4274109378149    8.71159310006947e-05    6.10307296187972e-05
7100    1.43617591084267    8.8186856714469e-05    6.140393808912e-05
7200    1.44504896294935    8.92775948028265e-05    6.17817091959368e-05
7300    1.45403209980219    9.03886364179019e-05    6.21641272088826e-05
7400    1.46312737694464    9.1520488026939e-05    6.2551278493644e-05
7500    1.47233690135644    9.26736719886507e-05    6.29432515773203e-05
7600    1.48166283307263    9.3848727155037e-05    6.33401372162491e-05
7700    1.4911073868641    9.5046209499957e-05    6.37420284664041e-05
7800    1.50067283398233    9.62666927758202e-05    6.41490207564814e-05
7900    1.51036150397132    9.75107691998441e-05    6.4561211963792e-05
8000    1.52017578654968    9.87790501714112e-05    6.49787024930904e-05
8100    1.53011813356603    0.000100072167022143    6.540159535847e-05
8200    1.5401910610312    0.00010139077180041    6.58299962684666e-05
8300    1.55039715123057    0.000102735538092091    6.62640137145178e-05
8400    1.56073905492046    0.000104107161879523    6.67037590629322e-05
8500    1.57121949361241    0.000105506362440657    6.71493466505346e-05
8600    1.58184126194941    0.000106933883290622    6.76008938841559e-05
8700    1.59260723017856    0.000108390493167961    6.80585213441541e-05
8800    1.60352034672464    0.000109876987068013    6.85223528921529e-05
8900    1.61458364086956    0.000111394187325997    6.89925157832044e-05
9000    1.62580022554263    0.000112942944752582    6.94691407825863e-05
9100    1.63717330022719    0.000114524139824848    6.99523622874595e-05
9200    1.6487061539892    0.000116138683935757    7.04423184536242e-05
9300    1.66040216863384    0.000117787520705431    7.09391513276243e-05
9400    1.67226482199652    0.000119471627357776    7.14430069844669e-05
9500    1.68429769137492    0.00012119201616617    7.19540356712353e-05
9600    1.69650445710924    0.000122949735972238    7.24723919568937e-05
9700    1.70888890631814    0.000124745873781927    7.29982348885959e-05
9800    1.72145493679837    0.000126581556443449    7.35317281548305e-05
9900    1.73420656109648    0.000128457952411893    7.40730402557544e-05
10000    1.7471479107615    0.000130376273605682    7.46223446810851e-05
10100    1.7602832407881    0.000132337777360362    7.51798200959483e-05
10200    1.7736169342603    0.000134343768485611    7.57456505350973e-05
10300    1.78715350720621    0.000136395601431738    7.63200256059483e-05
10400    1.80089761367523    0.000138494682572383    7.69031407009011e-05
10500    1.81485405104958    0.000140642472610597    7.74951972194455e-05
10600    1.82902776560299    0.000142840489115982    7.80964028005834e-05
10700    1.84342385831993    0.00014509030920111    7.87069715661288e-05
10800    1.85804759098981    0.00014739357234602    7.93271243754856e-05
10900    1.87290439259152    0.000149751983380249    7.99570890925398e-05
11000    1.88799986598431    0.00015216731563249    8.05971008653422e-05
11100    1.9033397949226    0.000154641414258752    8.1247402419304e-05
11200    1.91893015141296    0.00015717619976067    8.1908244364672e-05
11300    1.93477710343292    0.000159773671706471    8.25798855191027e-05
11400    1.95088702303257    0.000162435912668061    8.32625932462054e-05
11500    1.96726649484134    0.000165165092388682    8.39566438109861e-05
11600    1.98392232500363    0.000167963472196706    8.46623227531846e-05
11700    2.00086155056885    0.000170833409682318    8.53799252795628e-05
11800    2.01809144936299    0.000173777363655124    8.61097566762779e-05
11900    2.03561955037089    0.000176797899402143    8.68521327425504e-05
12000    2.05345364466004    0.000179897694267155    8.76073802469195e-05
12100    2.07160179687947    0.000183079543574047    8.8375837407472e-05
12200    2.09007235736906    0.000186346366918605    8.91578543975262e-05
12300    2.1088739749176    0.000189701214855174    8.99537938783595e-05
12400    2.12801561021045    0.000193147276006765    9.0764031560682e-05
12500    2.1475065500106    0.000196687884629512    9.15889567966819e-05
12600    2.16735642212031    0.000200326528664982    9.24289732046029e-05
12700    2.18757521117387    0.000204066858316607    9.32844993279583e-05
12800    2.20817327531579    0.000207912695189587    9.41559693316428e-05
12900    2.22916136382296    0.000211868042036971    9.50438337373755e-05
13000    2.25055063573361    0.000215937093158288    9.59485602010901e-05
13100    2.27235267955083    0.000220124245501133    9.68706343350913e-05
13200    2.29457953409364    0.000224434110520534    9.78105605780127e-05
13300    2.3172437105744    0.000228871526855791    9.87688631158519e-05
13400    2.34035821598738    0.00023344157388981    9.97460868576151e-05
13500    2.36393657790036    0.000238149586261825    0.000100742798469386
13600    2.38799287074828    0.000243001169410898    0.000101759587470943
13700    2.41254174373637    0.00024800221623469    0.000102797067399382
13800    2.43759845046858    0.000253158924955906    0.000103855877044573
13900    2.46317888042734    0.000258477818297477    0.000104936681761673
14000    2.48929959244067    0.000263965764077185    0.000106040174866367
14100    2.51597785028487    0.000269629997343084    0.000107167079118982
14200    2.54323166058311    0.000275478144182843    0.000108318148304147
14300    2.57107981317482    0.00028151824735323    0.000109494168913257
14400    2.59954192414548    0.000287758793890493    0.000110695961937634
14500    2.62863848172387    0.000294208744878519    0.000111924384780967
14600    2.658390895272    0.000300877567569629    0.000113180333300398
14700    2.68882154761356    0.000307775270072896    0.000114464743986472
14800    2.71995385096935    0.000314912438847181    0.000115778596293077
14900    2.75181230679297    0.000322300279261056    0.000117122915129583
15000    2.78442256982783    0.000329950659509611    0.000118498773528478
15100    2.81781151673679    0.000337876158209442    0.000119907295503116
15200    2.85200731968988    0.000346090116028033    0.000121349659111557
15300    2.88703952533291    0.000354606691743101    0.000122827099744057
15400    2.92293913960158    0.000363440923171589    0.000124340913653484
15500    2.95973871889197    0.000372608793457724    0.000125892461749873
15600    2.99747246815026    0.000382127303265569    0.000127483173682452
15700    3.03617634650188    0.000392014549484763    0.000129114552234893
15800    3.07588818110474    0.000402289811129629    0.000130788178062163
15900    3.11664778998334    0.000412973643192785    0.000132505714800386
16000    3.15849711468084    0.000424087979306215    0.000134268914584419
16100    3.20148036365696    0.000435656244167004    0.000136079624011614
16200    3.24564416746068    0.000447703476803582    0.000137939790594437
16300    3.29103774682134    0.000460256465893514    0.000139851469749338
16400    3.33771309492994    0.000473343898498182    0.000141816832374598
16500    3.385725175328    0.000486996523756228    0.00014383817307589
16600    3.43513213698507    0.00050124733327979    0.000145917919105063
16700    3.48599554833202    0.000516131760229701    0.000148058640085373
16800    3.53838065222759    0.000531687899312732    0.000150263058605073
16900    3.59235664407522    0.000547956750251555    0.000152534061771201
17000    3.64799697557942    0.000564982487633294    0.000154874713826636
17100    3.70537968694168    0.000582812760453525    0.000157288269946383
17200    3.76458777065077    0.000601499025149169    0.000159778191343694
17300    3.8257095704286    0.000621096916467661    0.000162348161833434
17400    3.88883921935894    0.000641666661165024    0.00016500210601939
17500    3.95407712176237    0.000663273540278894    0.000167744209294346
17600    4.0215304839982    0.000685988406604468    0.000170578939867306
17700    4.09131390008725    0.000709888265036209    0.000173511073061656
17800    4.1635499988749    0.000735056924655694    0.000176545718162223
17900    4.23837016041164    0.00076158573288234    0.0001796883481287
18000    4.31591531034237    0.000789574403702891    0.000182944832538954
18100    4.3963368023955    0.000819131954011376    0.000186321474179376
18200    4.47979740058193    0.000850377764489911    0.000189825049762172
18300    4.56647237449629    0.000883442784323773    0.000193462855323026
18400    4.65655072320805    0.000918470902472297    0.000197242756939096
18500    4.75023654570165    0.000955620512335725    0.000201173247509208
18600    4.84775057874934    0.000995066301622994    0.000205263510458847
18700    4.94933192657127    0.00103700130523206    0.000209523491375625
18800    5.05524001077104    0.00108163926624812    0.000213963978751456
18900    5.165756773975    0.00112921735905619    0.000218596695211274
19000    5.28118917652854    0.00117999933944596    0.000223434400852423
19100    5.40187203273512    0.00123427919996062    0.000228491010612791
19200    5.52817124174486    0.00129238542524869    0.00023378172794097
19300    5.66048747866082    0.00135468596264751    0.000239323197472739
19400    5.79926042418111    0.00142159404872875    0.000245133679943247
19500    5.94497362670277    0.00149357506446644    0.000251233253207015
19600    6.09816011000935    0.00157115463187374    0.000257644044028114
19700    6.25940886338859    0.00165492821580679    0.000264390496279369
19800    6.42937238049795    0.00174557255935024    0.000271499682402133
19900    6.60877545010433    0.00184385936405345    0.000279001666492442
20000    6.79842544805567    0.00195067173303126    0.000286929929280778
20100    6.99922443825592    0.00206702403337881    0.000295321867674509
20200    7.21218346468436    0.00219408601514079    0.000304219384585056
20300    7.43843951155512    0.00233321226192266    0.000313669588668184
20400    7.67927573122393    0.0024859783635832    0.000323725628639068
20500    7.93614569851746    0.00265422562301518    0.000334447693357118
20600    8.21070265832249    0.00284011667751779    0.000345904217422733
20700    8.50483500795624    0.00304620518904296    0.000358173343303339
20800    8.82070962153262    0.00327552382122803    0.000371344706012316
20900    9.16082511501997    0.00353169619866195    0.000385521626525914
21000    9.52807781793161    0.00381908061956628    0.00040082382748584
21100    9.92584413331891    0.00414295624457839    0.000417390822274892
21200    10.3580842391861    0.00450976673582112    0.000435386180656846
21300    10.8294738720479    0.00492744253058248    0.000455002947400869
21400    11.3455734808764    0.00540583214286064    0.000476470594630804
21500    11.9130477238065    0.00595728676685783    0.000500064039444167
21600    12.5399536934017    0.00659746375467631    0.000526115479848045
21700    13.2361243504062    0.00734644786005931    0.000555030133109461
21800    14.0136859812408    0.00823034238776872    0.000587307464915808
21900    14.8877676924109    0.00928356950197177    0.000623570282246151
22000    15.8774915361455    0.0105522652152746    0.000664605311944401
22100    17.0073818527085    0.012099407378702    0.000711420927894031
22200    18.309416539543    0.0140127663108431    0.000765331122407946
22300    19.8260892306626    0.0164176034950676    0.00082808078305612
22400    21.6151153540837    0.0194976575154768    0.000902038096770701
22500    23.7569122856861    0.023531225446625    0.000990500161117444
22600    26.3669682191941    0.0289561508439448    0.00109819796509126
22700    29.6172807911512    0.0364935543452008    0.00123217099512066
22800    33.7756996945208    0.0473998369229289    0.00140337098421734
22900    39.2834250024105    0.06402485250124    0.00162981849208187
23000    46.9221186357939    0.0911886426729584    0.0019434042051843
23100    58.2202454835729    0.14010211423252    0.00240641572478512
23200    76.6227606612372    0.242058780850776    0.00315909762010483
23300    111.855089195811    0.514227066542724    0.00459726124434563
23400    206.076289629401    1.74006790815046    0.00844380453122348
23500    1178.1398798059    62.8144157559571    0.0533166025805914
23600    -nan    -nan    -nan
23700    -nan    -nan    -nan
23800    -nan    -nan    -nan
23900    -nan    -nan    -nan
24000    -nan    -nan    -nan
24100    -nan    -nan    -nan
24200    -nan    -nan    -nan
24300    -nan    -nan    -nan
24400    -nan    -nan    -nan
24500    -nan    -nan    -nan
24600    -nan    -nan    -nan
24700    -nan    -nan    -nan
24800    -nan    -nan    -nan
