0    0.999999999999994    5.01772687982832e-26    1.0000000005716    5.28973884286747e-17    2.39084661893863e-05    7.27305908326577e-09
100    0.999999739910358    -5.20203301354928e-09    0.999999480387682    7.9330562208805e-17    2.38096356579647e-05    7.22975896795657e-09
200    0.999998959609738    -1.0404255658326e-08    0.999997919783096    1.59863639331615e-16    2.3717865165113e-05    7.18436521397716e-09
300    0.999997659069563    -1.56068605684054e-08    0.999995318703213    2.94510020882078e-16    2.36348552644563e-05    7.13694080684645e-09
400    0.999995838241833    -2.08100437350734e-08    0.999991677056088    4.83291342728586e-16    2.35605807482295e-05    7.08755405432088e-09
500    0.999993497058792    -2.6014004581759e-08    0.999986994711841    7.26237648730461e-16    2.3494037609519e-05    7.03627844465261e-09
600    0.999990635432548    -3.12189460408749e-08    0.999981271502012    1.02338756940114e-15    2.34354740959093e-05    6.98319250043129e-09
700    0.999987253254751    -3.64250746326248e-08    0.999974507218831    1.3747885062553e-15    2.33848053560643e-05    6.92837962751845e-09
800    0.999983350396255    -4.163260054583e-08    0.999966701614454    1.78049682207601e-15    2.33395308990968e-05    6.87192795854032e-09
900    0.999978926706593    -4.68417377208565e-08    0.999957854400297    2.24057803734599e-15    2.33029268896125e-05    6.81393019016748e-09
1000    0.999973982013847    -5.2052703934687e-08    0.999947965246188    2.75510703309615e-15    2.32714087398994e-05    6.75448341355406e-09
1100    0.999968516124041    -5.72657208882284e-08    0.9999370337797    3.32416826043249e-15    2.32461553328096e-05    6.69368893690207e-09
1200    0.999962528820841    -6.24810142959014e-08    0.999925059585266    3.94785595701174e-15    2.32270198069917e-05    6.63165209937148e-09
1300    0.999956019865169    -6.76988139776118e-08    0.999912042203445    4.62627437074518e-15    2.32132472874843e-05    6.56848207502271e-09
1400    0.999948988994751    -7.29193539531583e-08    0.999897981130021    5.35953799101978e-15    2.32033856296198e-05    6.50429166580054e-09
1500    0.99994143592365    -7.81428725391625e-08    0.9998828758152    6.14777178773481e-15    2.31980356670245e-05    6.43919708216876e-09
1600    0.999933360341911    -8.33696124485986e-08    0.999866725662789    6.99111145846316e-15    2.31974781088822e-05    6.37331771008203e-09
1700    0.999924761915105    -8.85998208930333e-08    0.999849530029229    7.88970368405731e-15    2.32002059481564e-05    6.30677586249272e-09
1800    0.999915640283835    -9.38337496876115e-08    0.999831288222731    8.84370639302854e-15    2.32056008611914e-05    6.23969651435206e-09
1900    0.999905995063251    -9.90716553589288e-08    0.99981199950233    9.85328903504226e-15    2.3214203810402e-05    6.17220701887816e-09
2000    0.999895825842679    -1.04313799255862e-07    0.999791663077004    1.09186328638844e-14    2.3224773156052e-05    6.10443680383816e-09
2100    0.999885132185008    -1.09560447663453e-07    0.999770278104599    1.20399312302604e-14    2.32372130483991e-05    6.03651704578506e-09
2200    0.999873913626269    -1.14811871919963e-07    0.99974784369094    1.32173898848109e-14    2.32514106635454e-05    5.96858032072483e-09
2300    0.999862169675113    -1.20068348537177e-07    0.999724358888746    1.44512272917341e-14    2.3266305852767e-05    5.90076022975258e-09
2400    0.999849899812255    -1.25330159324098e-07    0.999699822696622    1.57416749534203e-14    2.32818448224157e-05    5.83319099776379e-09
2500    0.999837103489966    -1.30597591514118e-07    0.999674234057971    1.70889777465215e-14    2.32973138597141e-05    5.76600704414916e-09
2600    0.999823780131522    -1.35870937895802e-07    0.999647591859965    1.84933942698965e-14    2.3312627382184e-05    5.699342524508e-09
2700    0.999809929130649    -1.41150496947402e-07    0.999619894932403    1.99551972048786e-14    2.33274263714402e-05    5.63333084240243e-09
2800    0.999795549850891    -1.4643657297521e-07    0.999591142046446    2.14746736883429e-14    2.33409436363991e-05    5.56810413148217e-09
2900    0.999780641625113    -1.51729476255911e-07    0.999561331913702    2.30521256990613e-14    2.33533763181501e-05    5.50379270760373e-09
3000    0.999765203754809    -1.57029523183067e-07    0.999530463184793    2.46878704578497e-14    2.33644766821758e-05    5.44052449202904e-09
3100    0.999749235509579    -1.62337036417838e-07    0.99949853444827    2.63822408420459e-14    2.33726672746357e-05    5.37842440862826e-09
3200    0.999732736126365    -1.67652345044158e-07    0.99946554422927    2.81355858148562e-14    2.33786634956865e-05    5.31761375531644e-09
3300    0.9997157048089    -1.72975784728422e-07    0.999431490988307    2.99482708701537e-14    2.33826901931647e-05    5.2582095565111e-09
3400    0.999698140727079    -1.7830769788397e-07    0.999396373119924    3.18206784933205e-14    2.3382595231869e-05    5.20032389754831e-09
3500    0.999680043016072    -1.83648433840399e-07    0.999360188951273    3.37532086387583e-14    2.33806911764996e-05    5.14406325065942e-09
3600    0.999661410775898    -1.88998349017993e-07    0.999322936740865    3.5746279224711e-14    2.33753319239362e-05    5.08952779575774e-09
3700    0.999642243070518    -1.94357807107346e-07    0.999284614677    3.7800326646082e-14    2.33654317656988e-05    5.0368107474714e-09
3800    0.999622538927123    -1.99727179254486e-07    0.999245220876462    3.99158063059474e-14    2.33528105835068e-05    4.98599769293039e-09
3900    0.999602297335485    -2.0510684425156e-07    0.999204753382916    4.2093193166507e-14    2.33353207201987e-05    4.93716595561324e-09
4000    0.999581517247034    -2.10497188733404e-07    0.999163210165409    4.43329823202384e-14    2.33136679269207e-05    4.89038399027194e-09
4100    0.999560197574155    -2.15898607380106e-07    0.999120589116841    4.66356895820668e-14    2.32885676079055e-05    4.84571082481739e-09
4200    0.999538337189381    -2.21311503125886e-07    0.99907688805226    4.90018521033807e-14    2.32582830633222e-05    4.80319555521153e-09
4300    0.999515934924501    -2.2673628737442e-07    0.99903210470738    5.14320290087939e-14    2.3224577161302e-05    4.76287690981989e-09
4400    0.999492989569785    -2.32173380220923e-07    0.998986236736647    5.3926802056556e-14    2.31840495922359e-05    4.72478288884002e-09
4500    0.999469499872928    -2.37623210681199e-07    0.998939281711728    5.64867763235921e-14    2.31405965811019e-05    4.68893049110383e-09
4600    0.999445464538404    -2.43086216927923e-07    0.998891237119631    5.91125809161753e-14    2.30921151232382e-05    4.65532553599771e-09
4700    0.999420882226315    -2.48562846534466e-07    0.998842100360836    6.18048697073059e-14    2.30393252214637e-05    4.62396258523964e-09
4800    0.9993957515516    -2.54053556726455e-07    0.99879186874749    6.45643221018824e-14    2.29804604497013e-05    4.59482497165934e-09
4900    0.999370071082902    -2.59558814641464e-07    0.998740539501423    6.73916438308721e-14    2.29167578454051e-05    4.56788493620956e-09
5000    0.999343839341696    -2.65079097597093e-07    0.99868810975225    7.02875677756665e-14    2.28483810264038e-05    4.54310387040252e-09
5100    0.999317054801156    -2.70614893367705e-07    0.998634576535177    7.32528548239274e-14    2.2775463381333e-05    4.52043266881774e-09
5200    0.999289715885216    -2.76166700470294e-07    0.998579936789132    7.62882947582738e-14    2.26974769049157e-05    4.49981217658443e-09
5300    0.999261820967347    -2.81735028459684e-07    0.99852418735441    7.93947071792171e-14    2.2614862543353e-05    4.48117373441902e-09
5400    0.999233368369526    -2.87320398233486e-07    0.998467324970599    8.25729424638381e-14    2.25275447403422e-05    4.4644398068813e-09
5500    0.999204356361079    -2.92923342347242e-07    0.998409346274295    8.58238827617782e-14    2.24351469232981e-05    4.4495246823419e-09
5600    0.999174783157438    -2.98544405340054e-07    0.998350247796693    8.91484430301843e-14    2.23378446212106e-05    4.43633523729754e-09
5700    0.999144646918967    -3.04184144071195e-07    0.998290025961323    9.25475721093216e-14    2.22372435455157e-05    4.42477174505391e-09
5800    0.999113945749792    -3.09843128068071e-07    0.99822867708149    9.60222538407147e-14    2.21307855185173e-05    4.41472872412042e-09
5900    0.999082677696337    -3.15521939886087e-07    0.998166197357809    9.95735082296997e-14    2.20210275688132e-05    4.40609580244823e-09
6000    0.999050840746167    -3.2122117548073e-07    0.998102582875533    1.03202392654405e-13    2.19068482586629e-05    4.39875859568831e-09
6100    0.999018432826547    -3.26941444592561e-07    0.998037829601959    1.06910003123302e-13    2.17887462228789e-05    4.39259957552664e-09
6200    0.998985451803056    -3.32683371145442e-07    0.997971933383578    1.10697475583551e-13    2.16661628326953e-05    4.38749892934691e-09
6300    0.998951895478178    -3.38447593658712e-07    0.99790488994342    1.14565987282489e-13    2.15400988329686e-05    4.38333538711202e-09
6400    0.998917761589772    -3.44234765673766e-07    0.997836694877927    1.18516758184753e-13    2.14104382958461e-05    4.37998701831475e-09
6500    0.998883047809595    -3.50045556195651e-07    0.997767343654094    1.22551052447665e-13    2.12769484965312e-05    4.37733198901526e-09
6600    0.998847751741686    -3.55880650150358e-07    0.997696831606332    1.26670179957596e-13    2.11402685103442e-05    4.37524926768481e-09
6700    0.998811870920815    -3.61740748858414e-07    0.99762515393333    1.30875497930261e-13    2.09997941548114e-05    4.37361928100371e-09
6800    0.998775402810729    -3.6762657052545e-07    0.997552305694758    1.35168412577979e-13    2.08572373500495e-05    4.37232451616358e-09
6900    0.998738344802546    -3.73538850750511e-07    0.99747828180787    1.39550380847171e-13    2.07108665833771e-05    4.37125006816101e-09
7000    0.998700694212876    -3.79478343052804e-07    0.997403077044102    1.44022912229459e-13    2.05626171116138e-05    4.37028412777381e-09
7100    0.998662448282088    -3.85445819417742e-07    0.997326686025454    1.48587570650028e-13    2.04127471414977e-05    4.36931841516253e-09
7200    0.998623604172441    -3.91442070863034e-07    0.997249103220801    1.53245976437009e-13    2.0259434302194e-05    4.36824855843861e-09
7300    0.998584158966047    -3.97467908025708e-07    0.997170322942108    1.57999808375954e-13    2.01042400222707e-05    4.36697442416509e-09
7400    0.998544109662992    -4.03524161771088e-07    0.997090339340592    1.62850805853589e-13    1.99482891776269e-05    4.3654003859439e-09
7500    0.998503453179247    -4.09611683824463e-07    0.997009146402507    1.67800771095422e-13    1.97895387229214e-05    4.36343556272587e-09
7600    0.998462186344515    -4.1573134742668e-07    0.99692673794517    1.7285157150185e-13    1.96290830732033e-05    4.36099399758461e-09
7700    0.998420305900065    -4.21884048014616e-07    0.996843107612605    1.78005142087895e-13    1.94685795242649e-05    4.35799480228825e-09
7800    0.998377808496525    -4.28070703927567e-07    0.996758248871033    1.83263488031789e-13    1.9305654836348e-05    4.35436226637959e-09
7900    0.998334690691452    -4.34292257140845e-07    0.996672155004459    1.88628687338094e-13    1.91431877912785e-05    4.35002593143358e-09
8000    0.998290948947061    -4.40549674027792e-07    0.99658481910987    1.94102893621268e-13    1.89801343540365e-05    4.34492062918109e-09
8100    0.99824657962766    -4.46843946151415e-07    0.996496234092337    1.99688339015992e-13    1.88152814876839e-05    4.33898649734018e-09
8200    0.998201578997056    -4.53176091087098e-07    0.99640639266009    2.05387337220958e-13    1.86513555456045e-05    4.33216896904533e-09
8300    0.998155943216021    -4.59547153277738e-07    0.996315287319221    2.11202286683131e-13    1.84866816967623e-05    4.32441874217432e-09
8400    0.998109668339478    -4.65958204922894e-07    0.99622291036848    2.17135673930036e-13    1.83231060850952e-05    4.31569172557587e-09
8500    0.998062750313718    -4.72410346903499e-07    0.996129253893542    2.23190077057999e-13    1.8159258377444e-05    4.30594896797811e-09
8600    0.998015184973458    -4.78904709743755e-07    0.996034309761467    2.2936816938478e-13    1.7996164515476e-05    4.29515657795972e-09
8700    0.997966968038837    -4.85442454612037e-07    0.995938069614694    2.35672723275522e-13    1.78343774426611e-05    4.28328562690228e-09
8800    0.997918095112341    -4.92024774362683e-07    0.995840524864958    2.42106614151556e-13    1.76724285154462e-05    4.27031203855837e-09
8900    0.997868561675504    -4.98652894620545e-07    0.995741666686979    2.48672824692124e-13    1.75111216246697e-05    4.25621647424409e-09
9000    0.997818363085604    -5.0532807491045e-07    0.995641486011901    2.55374449239701e-13    1.73512649117367e-05    4.24098420180836e-09
9100    0.997767494572243    -5.12051609833666e-07    0.995539973520586    2.62214698420422e-13    1.71934703021513e-05    4.22460497246652e-09
9200    0.997715951233772    -5.18824830293813e-07    0.995437119636548    2.69196903991547e-13    1.70363419074684e-05    4.20707287112923e-09
9300    0.997663728033545    -5.25649104774484e-07    0.995332914518814    2.76324523929014e-13    1.68826046291383e-05    4.18838618063219e-09
9400    0.997610819796201    -5.32525840671248e-07    0.995227348054318    2.83601147768657e-13    1.67293127482517e-05    4.16854723343344e-09
9500    0.997557221203598    -5.39456485680845e-07    0.995120409850246    2.91030502215789e-13    1.65771483658591e-05    4.14756225523445e-09
9600    0.997502926790695    -5.46442529250174e-07    0.995012089225911    2.98616457038531e-13    1.64288765547483e-05    4.12544121317287e-09
9700    0.997447930941483    -5.53485504088405e-07    0.99490237520452    3.06363031261669e-13    1.62810921863258e-05    4.10219766384055e-09
9800    0.997392227884344    -5.60586987745265e-07    0.99479125650445    3.14274399678448e-13    1.61354910565204e-05    4.07784859189511e-09
9900    0.997335811687644    -5.67748604259e-07    0.994678721530421    3.22354899699253e-13    1.59927610641233e-05    4.05241424463712e-09
10000    0.997278676254953    -5.74972025877501e-07    0.994564758364117    3.30609038557266e-13    1.58520167834798e-05    4.02591798081569e-09
10100    0.997220815320119    -5.82258974856591e-07    0.994449354754651    3.39041500892456e-13    1.57139262587185e-05    3.99838610035379e-09
10200    0.997162222442208    -5.89611225339373e-07    0.994332498108529    3.47657156736842e-13    1.55770455818085e-05    3.96984768542156e-09
10300    0.99710289100016    -5.97030605321035e-07    0.994214175479392    3.56461069925472e-13    1.54439483504531e-05    3.94033443641642e-09
10400    0.997042814187387    -6.04518998703668e-07    0.994094373557176    3.65458506959225e-13    1.53124531090664e-05    3.90988050196897e-09
10500    0.996981985005985    -6.12078347445825e-07    0.993973078657036    3.74654946347454e-13    1.51842832565308e-05    3.87852232705515e-09
10600    0.996920396260889    -6.19710653812253e-07    0.99385027670774    3.8405608846034e-13    1.50589744577777e-05    3.8462984712906e-09
10700    0.996858040553714    -6.27417982728868e-07    0.993725953239641    3.93667865922976e-13    1.49349225065038e-05    3.81324945600265e-09
10800    0.996794910276281    -6.35202464249151e-07    0.99360009337217    4.03496454585521e-13    1.48145423103362e-05    3.77941759100406e-09
10900    0.99673099760412    -6.43066296137936e-07    0.993472681800861    4.13548285106189e-13    1.46954689612752e-05    3.74484680930082e-09
11000    0.996666294489448    -6.51011746579195e-07    0.993343702783895    4.2383005518644e-13    1.45797068629357e-05    3.70958250289669e-09
11100    0.996600792654032    -6.59041157014897e-07    0.993213140127912    4.34348742500754e-13    1.44660347005045e-05    3.67367135432589e-09
11200    0.996534483581736    -6.67156945122312e-07    0.993080977173579    4.45111618366321e-13    1.43548733667016e-05    3.63716117120515e-09
11300    0.996467358510685    -6.75361607937801e-07    0.992947196780221    4.56126262201459e-13    1.424635567036e-05    3.60010071064542e-09
11400    0.996399408425213    -6.83657725135424e-07    0.992811781310051    4.6740057682516e-13    1.41398711691286e-05    3.56253951806682e-09
11500    0.996330624047436    -6.92047962469521e-07    0.99267471261173    4.78942804654137e-13    1.40348649570821e-05    3.52452775868502e-09
11600    0.996260995828411    -7.00535075390855e-07    0.992535972003129    4.90761544857938e-13    1.39323904857625e-05    3.48611604319686e-09
11700    0.996190513939025    -7.09121912846642e-07    0.99239554025345    5.02865771537624e-13    1.38329855854962e-05    3.44735526788161e-09
11800    0.996119168260436    -7.17811421275401e-07    0.992253397564514    5.15264852998037e-13    1.37350437863393e-05    3.4082964404057e-09
11900    0.996046948374137    -7.26606648808504e-07    0.992109523551426    5.27968572189763e-13    1.36380186351665e-05    3.36899050732e-09
12000    0.995973843551487    -7.35510749690846e-07    0.991963897222175    5.40987148402382e-13    1.35444547098929e-05    3.32948818773759e-09
12100    0.995899842743008    -7.44526988934165e-07    0.991816496956457    5.5433126029738e-13    1.34502275600311e-05    3.28983981450576e-09
12200    0.995824934566863    -7.53658747217544e-07    0.991667300483596    5.68012070375993e-13    1.33603640081729e-05    3.25009514867956e-09
12300    0.995749107297319    -7.62909526050217e-07    0.991516284859503    5.82041250985023e-13    1.32701010757366e-05    3.21030323427005e-09
12400    0.995672348852088    -7.72282953213607e-07    0.991363426442371    5.96431011972037e-13    1.31809088697607e-05    3.17051221528283e-09
12500    0.995594646779622    -7.8178278850007e-07    0.991208700867695    6.11194130110585e-13    1.30940896355661e-05    3.1307691770785e-09
12600    0.995515988245529    -7.91412929767462e-07    0.991052083021709    6.26343980425944e-13    1.3009123369695e-05    3.09111999560661e-09
12700    0.995436360018512    -8.01177419330144e-07    0.990893547013935    6.41894569563004e-13    1.29240237356481e-05    3.05160916469661e-09
12800    0.995355748455492    -8.11080450708206e-07    0.990733066148278    6.57860571349703e-13    1.28407379249637e-05    3.01227964760662e-09
12900    0.995274139486221    -8.21126375758638e-07    0.990570612892791    6.74257364722604e-13    1.27575088662852e-05    2.97317273104415e-09
13000    0.995191518597043    -8.31319712214024e-07    0.990406158848152    6.91101074195669e-13    1.26753011985266e-05    2.93432787202067e-09
13100    0.995107870813894    -8.4166515165601e-07    0.990239674714373    7.08408613068778e-13    1.25940820304637e-05    2.89578256165082e-09
13200    0.995023180684539    -8.52167567953126e-07    0.990071130256169    7.26197729589939e-13    1.25136976051678e-05    2.85757218517483e-09
13300    0.994937432259878    -8.62832026194847e-07    0.989900494266471    7.44487056304256e-13    1.24334631805658e-05    2.81972990720699e-09
13400    0.994850609074351    -8.73663792156321e-07    0.989727734528213    7.63296162843388e-13    1.23534176281375e-05    2.78228654603855e-09
13500    0.99476269412537    -8.84668342330706e-07    0.989552817774245    7.82645612432137e-13    1.22752334511922e-05    2.74527047452724e-09
13600    0.994673669851777    -8.95851374569493e-07    0.98937570964516    8.02557022414365e-13    1.21966482263781e-05    2.70870749896591e-09
13700    0.994583518111075    -9.0721881937393e-07    0.989196374645044    8.23053129128218e-13    1.21177732568849e-05    2.67262080930184e-09
13800    0.994492220155588    -9.18776851884828e-07    0.989014776094928    8.44157857491166e-13    1.20390178391045e-05    2.63703086272726e-09
13900    0.994399756607402    -9.30531904621263e-07    0.988830876083895    8.65896395689775e-13    1.19597484663174e-05    2.60195536066162e-09
14000    0.994306107431921    -9.42490681023741e-07    0.988644635417575    8.88295275406562e-13    1.18809313990278e-05    2.567409193553e-09
14100    0.994211251910086    -9.54660169861335e-07    0.988456013563939    9.11382458057502e-13    1.18033093919429e-05    2.53340439528974e-09
14200    0.994115168609091    -9.67047660568121e-07    0.988264968596142    9.35187427560887e-13    1.17243639265305e-05    2.4999501219197e-09
14300    0.994017835351471    -9.79660759579072e-07    0.988071457132428    9.59741290208029e-13    1.16449214054862e-05    2.46705269208599e-09
14400    0.993919229182569    -9.92507407742957e-07    0.987875434272644    9.85076882264449e-13    1.15659747292568e-05    2.43471554883202e-09
14500    0.993819326336184    -1.00559589889516e-06    0.987676853531235    1.01122888599236e-12    1.14860166799602e-05    2.40293936558598e-09
14600    0.99371810219826    -1.01893489968238e-06    0.987475666766641    1.03823395485608e-12    1.14074009584613e-05    2.37172202048165e-09
14700    0.993615531268621    -1.03253347073796e-06    0.987271824106549    1.06613084875006e-12    1.13280828637597e-05    2.34105870841581e-09
14800    0.993511587120401    -1.04640108931697e-06    0.98706527386901    1.09496058017687e-12    1.12476971337316e-05    2.31094204191077e-09
14900    0.993406242357156    -1.06054767350961e-06    0.986855962478913    1.12476657239965e-12    1.11690341382835e-05    2.2813620950954e-09
15000    0.993299468567641    -1.07498360816266e-06    0.986643834379688    1.15559483070336e-12    1.10874002183714e-05    2.25230658386989e-09
15100    0.993191236277579    -1.08971977265147e-06    0.986428831939709    1.18749412802028e-12    1.1005564292972e-05    2.22376093868767e-09
15200    0.993081514898868    -1.10476757065809e-06    0.986210895353189    1.22051620631361e-12    1.09251631200193e-05    2.19570850364902e-09
15300    0.992970272675529    -1.12013896212701e-06    0.985989962534895    1.25471599526544e-12    1.08434389298032e-05    2.16813063809758e-09
15400    0.992857476626419    -1.13584649758618e-06    0.985765969008766    1.29015184998946e-12    1.07603718954025e-05    2.14100692684325e-09
15500    0.992743092484271    -1.15190335504029e-06    0.98553884778925    1.32688580968242e-12    1.06778491718898e-05    2.11431533584075e-09
15600    0.992627084631098    -1.16832337966402e-06    0.985308529255498    1.36498387934878e-12    1.05955219841347e-05    2.08803238153824e-09
15700    0.992509416029273    -1.18512112654601e-06    0.985074941017293    1.40451633697964e-12    1.05131256401654e-05    2.06213335417007e-09
15800    0.992390048148381    -1.20231190676101e-06    0.984838007772701    1.4455580688482e-12    1.04286040368663e-05    2.03659247206837e-09
15900    0.992268940886993    -1.21991183707612e-06    0.984597651156028    1.48818893590031e-12    1.03456402380092e-05    2.01138307289642e-09
16000    0.992146052489644    -1.23793789362985e-06    0.984353789576083    1.5324941745791e-12    1.0261513469336e-05    1.98647788302735e-09
16100    0.992021339457927    -1.25640796995996e-06    0.984106338043466    1.57856483583059e-12    1.01767621922861e-05    1.96184904469985e-09
16200    0.991894756455657    -1.27534093979551e-06    0.983855207986077    1.62649826650282e-12    1.0092041754083e-05    1.93746853423622e-09
16300    0.991766256207564    -1.29475672507711e-06    0.983600307052122    1.67639863788033e-12    1.00076746608961e-05    1.91330810892495e-09
16400    0.991635789390791    -1.31467636971896e-06    0.983341538899145    1.72837752670163e-12    9.92206437058835e-06    1.8893396238561e-09
16500    0.991503304518776    -1.33512211968676e-06    0.98307880296841    1.78255455469837e-12    9.83651034650015e-06    1.86553518176244e-09
16600    0.991368747816742    -1.35611751003126e-06    0.98281199424281    1.83905809348855e-12    9.75064971984444e-06    1.84186730527e-09
16700    0.991232063088156    -1.37768745959253e-06    0.982541002987429    1.89802604256615e-12    9.66572639396176e-06    1.81830899978953e-09
16800    0.991093191571231    -1.399858374175e-06    0.982265714470672    1.95960668917693e-12    9.58241413142641e-06    1.79483399196539e-09
16900    0.990952071784825    -1.42265825909057e-06    0.981986008664817    2.02395966007626e-12    9.49633127401485e-06    1.77141684477469e-09
17000    0.990808639362234    -1.44611684207724e-06    0.98170175992339    2.09125697655881e-12    9.41007444524009e-06    1.74803299288083e-09
17100    0.990662826872484    -1.47026570772602e-06    0.981412836633949    2.16168422576368e-12    9.32567479654888e-06    1.72465897709903e-09
17200    0.99051456362743    -1.49513844469298e-06    0.98111910084343    2.23544186312685e-12    9.24076261549983e-06    1.70127243693077e-09
17300    0.990363775473339    -1.52077080713757e-06    0.980820407853608    2.31274666303011e-12    9.15429282842967e-06    1.67785227111883e-09
17400    0.990210384565645    -1.54720089201697e-06    0.980516605783888    2.39383333722659e-12    9.0689206449407e-06    1.65437857669543e-09
17500    0.990054309125132    -1.5744693340827e-06    0.980207535098004    2.47895634358273e-12    8.98668511694373e-06    1.6308328875407e-09
17600    0.989895463173632    -1.60261952067682e-06    0.979893028090978    2.56839191114002e-12    8.9015887684185e-06    1.60719806586115e-09
17700    0.98973375624702    -1.63169782871188e-06    0.979572908332605    2.66244031156383e-12    8.81868042699972e-06    1.58345848476561e-09
17800    0.98956909308356    -1.6617538865547e-06    0.979246990062536    2.76142841183145e-12    8.73592568911995e-06    1.55959988967519e-09
17900    0.989401373284439    -1.69284086391999e-06    0.978915077531988    2.86571254865407e-12    8.65181488795774e-06    1.53560955115184e-09
18000    0.989230490943897    -1.72501579333201e-06    0.978576964286523    2.97568177180514e-12    8.56850457565768e-06    1.51147618745357e-09
18100    0.989056334245462    -1.75833992723756e-06    0.978232432383109    3.09176151145192e-12    8.48752927655822e-06    1.48719001390106e-09
18200    0.988878785020489    -1.7928791354688e-06    0.977881251534291    3.21441773401573e-12    8.40783412872587e-06    1.46274276030234e-09
18300    0.98869771826473    -1.82870434847576e-06    0.977523178171191    3.34416166234493e-12    8.32516954000259e-06    1.4381275193917e-09
18400    0.988513001607946    -1.86589205259573e-06    0.977157954415945    3.48155514946656e-12    8.24581037237205e-06    1.41333883269306e-09
18500    0.988324494731302    -1.90452484462753e-06    0.97678530695256    3.62721681138215e-12    8.16549642840431e-06    1.38837265590248e-09
18600    0.988132048725762    -1.94469205416235e-06    0.976404945784357    3.78182904390818e-12    8.08620405738076e-06    1.36322631725086e-09
18700    0.987935505384728    -1.98649044352669e-06    0.976016562863922    3.946146072195e-12    8.00900333677297e-06    1.3378983965734e-09
18800    0.987734696422081    -2.03002499686663e-06    0.975619830578939    4.12100321026784e-12    7.93214298399016e-06    1.31238884480621e-09
18900    0.987529442606511    -2.07540981190197e-06    0.975214400076439    4.30732754293255e-12    7.85572485246295e-06    1.28669871989506e-09
19000    0.987319552800846    -2.12276911027581e-06    0.974799899403389    4.50615028523404e-12    7.77989040843793e-06    1.2608302343069e-09
19100    0.987104822893582    -2.17223838531284e-06    0.974375931439168    4.71862112732504e-12    7.70698371292302e-06    1.23478682600033e-09
19200    0.986885034608067    -2.22396570948814e-06    0.973942071591641    4.94602493762768e-12    7.6338752054107e-06    1.20857296774513e-09
19300    0.986659954171703    -2.27811322814256e-06    0.973497865223262    5.18980127782059e-12    7.56004505989899e-06    1.18219392581178e-09
19400    0.986429330825295    -2.3348588711403e-06    0.973042824768523    5.45156728368383e-12    7.48885278857448e-06    1.15565620779062e-09
19500    0.986192895148855    -2.39439832048267e-06    0.972576426497133    5.73314459169641e-12    7.41971596712959e-06    1.128966856146e-09
19600    0.985950357175983    -2.45694727965967e-06    0.972098106869447    6.03659114972634e-12    7.34835773067041e-06    1.10213396813333e-09
19700    0.985701404263962    -2.52274410012506e-06    0.971607258420951    6.3642389506984e-12    7.28044873448533e-06    1.07516631750327e-09
19800    0.985445698680892    -2.59205283220753e-06    0.971103225100718    6.71873898341299e-12    7.21437837893379e-06    1.04807342535923e-09
19900    0.985182874863006    -2.66516678267055e-06    0.970585296974406    7.10311502161625e-12    7.14618273376811e-06    1.02086519539812e-09
20000    0.98491253628698    -2.74241267984442e-06    0.970052704185451    7.52082829371795e-12    7.08519267936685e-06    9.93552452045756e-10
20100    0.984634251890607    -2.82415557090032e-06    0.969504610045453    7.97585562208623e-12    7.01978347032799e-06    9.66146413906437e-10
20200    0.984347551960661    -2.9108046058968e-06    0.968940103099346    8.47278433479082e-12    6.95703124765414e-06    9.38659041737233e-10
20300    0.984051923390693    -3.00281990170738e-06    0.96835818797651    9.01692819219682e-12    6.89840884668489e-06    9.11102015093697e-10
20400    0.983746804188754    -3.1007207285289e-06    0.967757774798335    9.61446981688057e-12    6.83726267580027e-06    8.83488427570451e-10
20500    0.983431577088108    -3.20509532606345e-06    0.967137666859961    1.02726367816006e-11    6.77925049071582e-06    8.55831095676868e-10
20600    0.983105562079624    -3.31661274073245e-06    0.966496546237079    1.0999920757811e-11    6.72194337896485e-06    8.28143798234534e-10
20700    0.982768007639395    -3.43603718648373e-06    0.965832956883972    1.18063521876038e-11    6.66832374438916e-06    8.00440351905672e-10
20800    0.98241808036865    -3.56424557979912e-06    0.96514528467896    1.27038471502367e-11    6.61336298121412e-06    7.72734852072996e-10
20900    0.982054852687988    -3.70224909849173e-06    0.964431733731073    1.3706648942371e-11    6.56103897605429e-06    7.45042426764196e-10
21000    0.981677288130584    -3.85121988403324e-06    0.963690298073811    1.48318951098065e-11    6.51099754562958e-06    7.17379613826348e-10
21100    0.981284223649631    -4.0125243779248e-06    0.962918727625412    1.61003523592117e-11    6.46163387995564e-06    6.89761455546941e-10
21200    0.980874348181881    -4.18776529745249e-06    0.962114486962342    1.75373786250633e-11    6.41181226778082e-06    6.62205356022609e-10
21300    0.980446176474942    -4.3788349800405e-06    0.96127470500484    1.91741961853096e-11    6.36454045724187e-06    6.34730895347151e-10
21400    0.979998016865073    -4.58798385707256e-06    0.960396113099456    2.10495962416402e-11    6.32301062662253e-06    6.07356433382986e-10
21500    0.97952793124658    -4.81790931010052e-06    0.959474968131642    2.32122504568749e-11    6.27989810714552e-06    5.80104807862977e-10
21600    0.979033684846882    -5.07187235496325e-06    0.95850695610378    2.57238894908501e-11    6.23827641024933e-06    5.53000629966275e-10
21700    0.978512682526123    -5.35385287800529e-06    0.957487069902881    2.86637409160773e-11    6.19779044732926e-06    5.26072006712415e-10
21800    0.977961887017302    -5.66875914579329e-06    0.956409452496394    3.2134830502366e-11    6.16053544269439e-06    4.99350472506457e-10
21900    0.977377712595313    -6.02271508805909e-06    0.955267193115551    3.62730972555471e-11    6.12416877588988e-06    4.72876824433423e-10
22000    0.976755884748606    -6.42346124589575e-06    0.954052058428105    4.12608545770621e-11    6.08876106671079e-06    4.46696165174236e-10
22100    0.976091251920837    -6.88092553857726e-06    0.952754132113024    4.73471364445772e-11    6.05283443529706e-06    4.20870999489117e-10
22200    0.97537752823956    -7.40805410527508e-06    0.951361322631001    5.4879265783084e-11    6.02393148883482e-06    3.95475650626435e-10
22300    0.974606934473644    -8.02205179012375e-06    0.949858676760051    6.43533150607809e-11    5.99473177749361e-06    3.70612116254218e-10
22400    0.973769684758767    -8.74628891536194e-06    0.948227398990772    7.64975699109936e-11    5.96515649655951e-06    3.46425285048865e-10
22500    0.972853232110004    -9.61333275844275e-06    0.946443411262147    9.24161668289483e-11    5.93845393823139e-06    3.23109553293336e-10
22600    0.971841122553707    -1.0669961789322e-05    0.944475167521383    1.13848084676163e-10    5.91046627255756e-06    3.00949373789612e-10
22700    0.970711185957566    -1.19858601667525e-05    0.942280206577812    1.43660844015559e-10    5.88792001663917e-06    2.80384933094013e-10
22800    0.969432542193062    -1.36695818535205e-05    0.939799453897307    1.868574681188e-10    5.86548584125746e-06    2.62109830650768e-10
22900    0.967960350522674    -1.59000211099281e-05    0.936947240218087    2.52810671357312e-10    5.84033329595676e-06    2.47292993385505e-10
23000    0.966225895039393    -1.8994349219494e-05    0.933592480278556    3.60785302328742e-10    5.82057743958891e-06    2.38014085763034e-10
23100    0.964115946873009    -2.3573499614916e-05    0.929519559048444    5.55709884151218e-10    5.79690602710202e-06    2.38271990260242e-10
23200    0.96142357251235    -3.10400071367498e-05    0.924335285815759    9.63482043115565e-10    5.77489691035284e-06    2.57072261190997e-10
23300    0.957704313572503    -4.53721910902857e-05    0.917197552268385    2.05863572443496e-09    5.7451465148855e-06    3.18680895719377e-10
23400    0.951675106324748    -8.4080733729576e-05    0.905685508030786    7.06956978478319e-09    5.70666811362175e-06    5.28513467330748e-10
23500    0.934738831293126    -0.000587141301115943    0.873736682758662    3.44734907488549e-07    5.60561007478854e-06    3.52520709561351e-09
23600    -nan    -nan    -nan    -nan    0    0
23700    -nan    -nan    -nan    -nan    0    0
23800    -nan    -nan    -nan    -nan    0    0
23900    -nan    -nan    -nan    -nan    0    0
24000    -nan    -nan    -nan    -nan    0    0
24100    -nan    -nan    -nan    -nan    0    0
24200    -nan    -nan    -nan    -nan    0    0
24300    -nan    -nan    -nan    -nan    0    0
24400    -nan    -nan    -nan    -nan    0    0
24500    -nan    -nan    -nan    -nan    0    0
24600    -nan    -nan    -nan    -nan    0    0
24700    -nan    -nan    -nan    -nan    0    0
24800    -nan    -nan    -nan    -nan    0    0
