0    -5.64901614628656e-17    1.83036433055866e-09    1.83036433055866e-09
1000    1.71593962290636e-07    1.99386759918845e-09    1.99386691491728e-09
2000    3.28902364308571e-07    2.17192867591631e-09    2.17192724721183e-09
3000    4.72958041104379e-07    2.36580203781827e-09    2.36579979996913e-09
4000    6.04764154067059e-07    2.57685631670919e-09    2.57685319993042e-09
5000    7.25279664564231e-07    2.80658352591259e-09    2.80657945479963e-09
6000    8.35411199216877e-07    3.05660919569713e-09    3.05660408865029e-09
7000    9.36008991348914e-07    3.32870347691673e-09    3.3286972455298e-09
8000    1.02786546722112e-06    3.62479328137066e-09    3.62478582977864e-09
9000    1.11171561924643e-06    3.94697553614331e-09    3.94696676032436e-09
10000    1.18823860443571e-06    4.29753163787233e-09    4.29752142489848e-09
11000    1.25806002281098e-06    4.67894320176353e-09    4.67893142899555e-09
12000    1.32175482581912e-06    5.09390920944284e-09    5.09389574366248e-09
13000    1.37985036827608e-06    5.54536466958265e-09    5.5453493660568e-09
14000    1.43282970976409e-06    6.03650091578998e-09    6.03648361725906e-09
15000    1.48113480660251e-06    6.57078767759447e-09    6.57076821317863e-09
16000    1.52516966386326e-06    7.15199707260439e-09    7.15197525661972e-09
17000    1.56530338934321e-06    7.78422968108898e-09    7.78420531176492e-09
18000    1.60187306586304e-06    8.47194287847671e-09    8.47191573656596e-09
19000    1.63518639276191e-06    9.2199816166237e-09    9.21995146389604e-09
20000    1.6655242396122e-06    1.00336118613066e-08    1.00335784389147e-08
21000    1.69314292224491e-06    1.09185569113389e-08    1.09185199380468e-08
22000    1.71827634302218e-06    1.1881036844122e-08    1.1880996014383e-08
23000    1.74113795583954e-06    1.29278113534519e-08    1.29277663353243e-08
24000    1.76192260012044e-06    1.40662262681516e-08    1.4066176701035e-08
25000    1.78080805563238e-06    1.53042640647348e-08    1.53042095569184e-08
26000    1.79795662912757e-06    1.66505987140054e-08    1.66505388400044e-08
27000    1.81351650903107e-06    1.81146552304129e-08    1.81145895280795e-08
28000    1.82762298376727e-06    1.97066743243344e-08    1.97066022917242e-08
29000    1.84039960412564e-06    2.14377825914181e-08    2.14377036833901e-08
30000    1.85195921271566e-06    2.33200687099473e-08    2.33199823344751e-08
31000    1.86240493354798e-06    2.53666661570836e-08    2.53665716712511e-08
32000    1.87183095131292e-06    2.75918429981085e-08    2.75917397037704e-08
33000    1.88032335518739e-06    3.00110993496649e-08    3.0010986488735e-08
34000    1.88796084463939e-06    3.26412731688173e-08    3.26411499181587e-08
35000    1.89481535627472e-06    3.55006550748333e-08    3.55005205407154e-08
36000    1.90095269385982e-06    3.86091129702901e-08    3.86089661823745e-08
37000    1.90643300234022e-06    4.19882272928172e-08    4.1988067197638e-08
38000    1.91131133383535e-06    4.56614377989226e-08    4.5661263252809e-08
39000    1.91563803668803e-06    4.96542028573552e-08    4.96540126187603e-08
40000    1.91945920585703e-06    5.39941723118393e-08    5.3993965033015e-08
41000    1.92281698360941e-06    5.8711375062288e-08    5.8711149280264e-08
42000    1.92575000972255e-06    6.38384226103539e-08    6.38381767371415e-08
43000    1.92829359952061e-06    6.94107299200168e-08    6.94104622320005e-08
44000    1.93048014270365e-06    7.54667550575208e-08    7.54664636839391e-08
45000    1.93233927000047e-06    8.20482591980795e-08    8.20479421085456e-08
46000    1.93389811660013e-06    8.92005887201655e-08    8.92002437111317e-08
47000    1.93518158398271e-06    9.69729812527327e-08    9.69726059328041e-08
48000    1.93621244190486e-06    1.05418897697325e-07    1.05418489471353e-07
49000    1.93701157083493e-06    1.14596382416691e-07    1.14595938468513e-07
50000    1.93759814265458e-06    1.24568453965341e-07    1.24567971239067e-07
51000    1.93798966796714e-06    1.35403528936639e-07    1.35403004116376e-07
52000    1.93820223033635e-06    1.47175881716725e-07    1.47175311204587e-07
53000    1.93825060716155e-06    1.59966143169322e-07    1.59965523061576e-07
54000    1.93814829392316e-06    1.73861841528576e-07    1.73861167589819e-07
55000    1.93790770574916e-06    1.88957989051353e-07    1.88957256686486e-07
56000    1.93754021288543e-06    2.05357718277413e-07    2.05356922501281e-07
57000    1.93705623742857e-06    2.23172972067624e-07    2.23172107472104e-07
58000    1.93646536925626e-06    2.42525251938802e-07    2.42524312657118e-07
59000    1.93577637795565e-06    2.6354642959119e-07    2.63545409259259e-07
60000    1.93499732622802e-06    2.8637962693326e-07    2.86378518647779e-07
61000    1.93413561498878e-06    3.11180170351202e-07    3.1117896662423e-07
62000    1.9331980191456e-06    3.38116625449742e-07    3.38115318159488e-07
63000    1.93219077523674e-06    3.67371919010038e-07    3.67370499347515e-07
64000    1.93111960942582e-06    3.9914455547246e-07    3.99143013883681e-07
65000    1.92998974113091e-06    4.33649935860675e-07    4.33648261984051e-07
66000    1.92880602535256e-06    4.71121787722457e-07    4.71119970320877e-07
67000    1.92757288176735e-06    5.11813715376145e-07    5.11811742263471e-07
68000    1.92629434537384e-06    5.56000880524202e-07    5.55998738485624e-07
69000    1.92497417955645e-06    6.03981824131699e-07    6.03979498837343e-07
70000    1.92361579844012e-06    6.5608044137297e-07    6.56077917284421e-07
71000    1.92222235196827e-06    7.12648122429978e-07    7.12645382698944e-07
72000    1.92079672942377e-06    7.74066072987009e-07    7.74063099345558e-07
73000    1.91934158782424e-06    8.40747829415019e-07    8.40744602056665e-07
74000    1.91785936951494e-06    9.13141984882317e-07    9.13138482333212e-07
75000    1.9163523207052e-06    9.91735143974162e-07    9.91731342953557e-07
76000    1.91482248875309e-06    1.07705512486054e-06    1.07705100012969e-06
77000    1.91327177640595e-06    1.16967442962809e-06    1.1696699538265e-06
78000    1.91170192516818e-06    1.27021400509857e-06    1.27020914856674e-06
79000    1.91011452941741e-06    1.37934731830305e-06    1.37934204889041e-06
80000    1.90851105717237e-06    1.4978047727796e-06    1.49779905563658e-06
81000    1.90689285939906e-06    1.62637849402526e-06    1.62637229137801e-06
82000    1.90526118162032e-06    1.76592751477339e-06    1.76592078567993e-06
83000    1.90361716285693e-06    1.91738339330054e-06    1.91737609338656e-06
84000    1.90196184581477e-06    2.08175630070703e-06    2.08174838187998e-06
85000    1.90029620226404e-06    2.26014161608131e-06    2.26013302622057e-06
86000    1.89862112579924e-06    2.45372707166601e-06    2.45371775428759e-06
87000    1.89693741411933e-06    2.66380049361538e-06    2.66379038750891e-06
88000    1.89524583036318e-06    2.89175818768912e-06    2.8917472265246e-06
89000    1.89354705869533e-06    3.13911402329086e-06    3.13910213519312e-06
90000    1.89184172847552e-06    3.40750927365488e-06    3.4074963807428e-06
91000    1.89013042631014e-06    3.69872327473993e-06    3.69870929262756e-06
92000    1.88841369751395e-06    4.01468497053243e-06    4.01466980778888e-06
93000    1.88669202283089e-06    4.35748541802537e-06    4.35746897559043e-06
94000    1.88496586100341e-06    4.7293913311577e-06    4.72937350170891e-06
95000    1.8832356410056e-06    5.13285974950847e-06    5.13284041677604e-06
96000    1.88150171920512e-06    5.57055392458048e-06    5.57053296260634e-06
97000    1.87976446805558e-06    6.04536052412337e-06    6.04533779645827e-06
98000    1.87802420980387e-06    6.5604082631814e-06    6.56038362201659e-06
99000    1.87628123884994e-06    7.11908807945734e-06    7.11906136468466e-06
100000    1.87453583975867e-06    7.72507498021584e-06    7.7250460184103e-06
101000    1.87278825534546e-06    8.38235169836504e-06    8.38232030168422e-06
102000    1.87103872249992e-06    9.09523430661787e-06    9.0952002716104e-06
103000    1.86928744661829e-06    9.86839995081331e-06    9.86836305712998e-06
104000    1.86753464449174e-06    1.07069168766459e-05    1.07068768856442e-05
105000    1.86578048100085e-06    1.161627693829e-05    1.16162335915253e-05
106000    1.8640251296546e-06    1.26024307927992e-05    1.26023838103914e-05
107000    1.8622687429005e-06    1.36718260008047e-05    1.3671775079671e-05
108000    1.86051146015223e-06    1.48314482720283e-05    1.4831393083972e-05
109000    1.8587534178653e-06    1.60888661135809e-05    1.60888063032223e-05
110000    1.85699472670106e-06    1.74522791600402e-05    1.74522143425798e-05
111000    1.85523550593434e-06    1.89305704870384e-05    1.89305002458357e-05
112000    1.85347585107735e-06    2.05333632346575e-05    2.05332871186127e-05
113000    1.85171586144866e-06    2.22710818934914e-05    2.22709994142129e-05
114000    1.84995561570865e-06    2.41550186349424e-05    2.4154929263683e-05
115000    1.8481951834844e-06    2.61974050983448e-05    2.61973082626879e-05
116000    1.84643467205604e-06    2.84114900810463e-05    2.84113851613193e-05
117000    1.84467411893685e-06    3.08116236138199e-05    3.08115099392204e-05
118000    1.84291359683285e-06    3.34133479431473e-05    3.34132247875478e-05
119000    1.84115315394368e-06    3.62334959842423e-05    3.62333625616571e-05
120000    1.83939285135536e-06    3.92902978544278e-05    3.92901533141077e-05
121000    1.83763273481186e-06    4.26034961459045e-05    4.2603339567034e-05
122000    1.83587285557213e-06    4.6194470650361e-05    4.61943010363229e-05
123000    1.834113236343e-06    5.00863733055871e-05    5.00861895777636e-05
124000    1.83235393347065e-06    5.43042741966048e-05    5.43040751876686e-05
125000    1.83059497871463e-06    5.88753195112044e-05    5.88751039578705e-05
126000    1.8288363912025e-06    6.38289024225589e-05    6.38286689577468e-05
127000    1.82707821468461e-06    6.9196847950228e-05    6.91965950945831e-05
128000    1.82532046650626e-06    7.50136129358143e-05    7.50133390885483e-05
129000    1.82356318016431e-06    8.13165023613094e-05    8.13162057902909e-05
130000    1.82180637068665e-06    8.81459033373005e-05    8.81455821683491e-05
131000    1.82005007443262e-06    9.55455381953007e-05    9.55451904006059e-05
132000    1.81829428495421e-06    0.000103562738234133    0.000103562361619748
133000    1.8165390468254e-06    0.000112248739795244    0.000112248331987547
134000    1.81478435794581e-06    0.000121659004476759    0.000121658562907843
135000    1.81303024404549e-06    0.000131853565441852    0.000131853087333715
136000    1.81127670752279e-06    0.000142897401934397    0.000142896884281863
137000    1.80952377694263e-06    0.000154860844284864    0.000154860283837118
138000    1.80777145974494e-06    0.000167820011873017    0.000167819405113658
139000    1.80601975834956e-06    0.000181857286712198    0.000181856629837678
140000    1.80426869286223e-06    0.000197061825534063    0.000197061114430382
141000    1.80251826892998e-06    0.000213530113483818    0.000213529343701345
142000    1.80076848992187e-06    0.000231366562785549    0.000231365729511817
143000    1.79901937059901e-06    0.0002506841600068    0.000250683258037103
144000    1.79727091151653e-06    0.000271605165842486    0.000271604189548113
145000    1.79552313894409e-06    0.000294261871652381    0.000294260814946279
146000    1.79377603120866e-06    0.000318797417325592    0.000318796273625311
147000    1.79202961272054e-06    0.000345366675411578    0.000345365437599177
148000    1.79028388001639e-06    0.000374137206852502    0.00037413586723128
149000    1.78853884491035e-06    0.000405290294078429    0.000405288844326153
150000    1.78679451141715e-06    0.000439022057687433    0.000439020488805831
151000    1.78505086841625e-06    0.000475544663429859    0.000475542965690061
152000    1.78330794012738e-06    0.000515087626752564    0.000515085789636131
153000    1.78156572488129e-06    0.000557899222738195    0.00055789723487347
154000    1.77982420884151e-06    0.000604248009899638    0.000604245858992993
155000    1.77808342082107e-06    0.000654424476964426    0.000654422149725938
156000    1.77634334999028e-06    0.000708742822512018    0.000708740304575291
157000    1.77460400163268e-06    0.000767542878112552    0.000767540153948061
158000    1.77286537574729e-06    0.000831192186463635    0.000831189239285164
159000    1.77112747440399e-06    0.000900088246936664    0.000900085058600264
160000    1.76939030145289e-06    0.000974660941931559    0.000974657492826426
161000    1.76765386824788e-06    0.00105537515850402    0.00105537142743465
162000    1.76591815793088e-06    0.00114273362087894    0.00114272958493796
163000    1.76418317469492e-06    0.00123727995070382    0.00123727558513457
164000    1.76244893827573e-06    0.00133960197323397    0.00133959725128214
165000    1.76071543291572e-06    0.00145033528908494    0.00145033018183848
166000    1.75898265946331e-06    0.00157016713274486    0.00157016160896105
167000    1.75725063072773e-06    0.00169984054071943    0.0016998345666382
168000    1.75551933588686e-06    0.00184015885399461    0.00184015239313706
169000    1.75378878885864e-06    0.00199199058145681    0.00199198359440756
170000    1.75205896915038e-06    0.00215627465301926    0.0021562670971918
171000    1.75032991049565e-06    0.00233402609347761    0.00233401792286054
172000    1.74860157887234e-06    0.00252634215057092    0.00252633331545462
173000    1.74687399479469e-06    0.0027344089133701    0.00273439936005115
174000    1.74514716337578e-06    0.00295950845996959    0.00295949813043203
175000    1.74342106802992e-06    0.00320302657653505    0.00320301540810649
176000    1.74169571793031e-06    0.0034664610930792    0.00346644901805934
177000    1.73997112155148e-06    0.00375143088491632    0.00375141783017623
178000    1.73824726169634e-06    0.00405968559260558    0.00405967147915538
179000    1.73652415676325e-06    0.0043931161173545    0.00439310085987648
180000    1.73480179657981e-06    0.00475376595334142    0.0047537494596866
181000    1.7330801799668e-06    0.00514384342325347    0.00514382559389819
182000    1.73135931386704e-06    0.00556573488855341    0.0055657156160129
183000    1.72963919554706e-06    0.00602201901161256    0.00602199817980835
184000    1.72791982098702e-06    0.00651548215291016    0.00651545963648756
185000    1.72620120407191e-06    0.00704913499303648    0.00704911065662786
186000    1.72448332769236e-06    0.00762623047628325    0.00762620417371399
187000    1.722766211157e-06    0.00825028318020155    0.00825025475363233
188000    1.72104982836722e-06    0.00892509022369504    0.00892505950269792
189000    1.71933420987939e-06    0.00965475383504322    0.00965472063560319
190000    1.71761933080413e-06    0.010443705710762    0.010443669834202
191000    1.71590521187257e-06    0.0112967333064639    0.0112966945382833
192000    1.7141918349358e-06    0.0122190082119294    0.012218966320553
193000    1.71247920734134e-06    0.0132161167745155    0.0132160715099427
194000    1.71076733289778e-06    0.0142940931478586    0.0142940442402071
195000    1.7090562101199e-06    0.0154594549566666    0.0154594021146019
196000    1.70734583086871e-06    0.0167192417832993    0.0167191846923413
197000    1.70563621100477e-06    0.0180810566979016    0.0180809950185967
198000    1.70392734382366e-06    0.0195531110711607    0.019553044437113
199000    1.70221922367584e-06    0.0211442729274136    0.0211442009431605
200000    1.70051185252528e-06    0.022864119115923    0.0228640413546441
201000    1.69880523830735e-06    0.0247229915997933    0.0247229076008407
202000    1.6970993673699e-06    0.0267320581853275    0.0267319674515634
203000    1.6953942533616e-06    0.0289033780397545    0.0289032800346786
204000    1.69368988011463e-06    0.0312499723723339    0.0312498665169893
205000    1.69198626717783e-06    0.0337859006830119    0.0337857863526454
206000    1.69028340677575e-06    0.0365263430142205    0.0365262195346862
207000    1.68858129186078e-06    0.0394876886752592    0.0394875553191397
208000    1.68687993387802e-06    0.0426876319451525    0.0426874879275759
209000    1.68517931890992e-06    0.0461452752991473    0.0461451197732822
210000    1.68347946546755e-06    0.0498812407463047    0.0498810727984984
211000    1.68178035384967e-06    0.0539177899111963    0.0539176085557417
212000    1.68008200667064e-06    0.058278953541772    0.0582787577152585
213000    1.67838439607687e-06    0.0629906711783036    0.0629904597335393
214000    1.67668754632195e-06    0.0680809417752056    0.068080713474654
215000    1.67499144998468e-06    0.0735799861288076    0.0735797396375251
216000    1.67329610511651e-06    0.0795204220301339    0.0795201559081543
217000    1.67160150528846e-06    0.0859374531327951    0.0859371658269233
218000    1.66990766122168e-06    0.0928690726025946    0.0928687624375609
219000    1.66821456264606e-06    0.100356282697827    0.100355947866761
220000    1.6665222253091e-06    0.108443331517927    0.108442970072085
221000    1.66483063905141e-06    0.117177968253619    0.117177578091325
222000    1.66313979567672e-06    0.1266117183745    0.126611297229225
223000    1.66144970731636e-06    0.136800180300673    0.136799725728189
224000    1.65976037373278e-06    0.14780334522417    0.147802854588713
225000    1.65807178437722e-06    0.159685941874148    0.159685412333517
226000    1.65638395566991e-06    0.172517808157914    0.172517236647402
227000    1.65469687946496e-06    0.186374291758389    0.186373674973492
228000    1.65301054618785e-06    0.201336681928619    0.201336016306402
229000    1.65132497582223e-06    0.217492674896035    0.217491956595049
230000    1.64964015742848e-06    0.234936875474492    0.234936100353162
231000    1.64795608134086e-06    0.253771337681502    0.253770501274842
232000    1.64627276308558e-06    0.274106147372675    0.274105244867192
233000    1.64459019017722e-06    0.296060050136358    0.296059076343052
234000    1.64290837815485e-06    0.319761127939958    0.319760077265212
235000    1.64122731260932e-06    0.345347528286888    0.345346394701157
236000    1.63954699802444e-06    0.372968249930869    0.372967026934926
237000    1.63786743940492e-06    0.402783989503919    0.402782670092517
238000    1.63618862574977e-06    0.434968053747575    0.43496663037034
239000    1.63451056950768e-06    0.469707342395345    0.469705806914623
240000    1.63283326813861e-06    0.507203407140035    0.507201750785545
241000    1.63115670649463e-06    0.547673592534533    0.54767180585454
242000    1.62948091261819e-06    0.591352265121002    0.591350337929685
243000    1.6278058596671e-06    0.638492137563613    0.638490058884511
244000    1.6261315632534e-06    0.6893656950765    0.689363453081515
245000    1.62445800591944e-06    0.744266731994292    0.744264313938118
246000    1.62278521580218e-06    0.80351200693023    0.803509399079651
247000    1.62111318164488e-06    0.867443025609749    0.867440213167662
248000    1.61944189265847e-06    0.936427961158901    0.936424928182473
249000    1.61777135551434e-06    1.01086372237059    1.01086045168313
250000    1.61610156201534e-06    1.0911781812715    1.09117465436768
251000    1.6144325281876e-06    1.17783257217267    1.17782876911637
252000    1.61276425109518e-06    1.2713240753117    1.27131997462627
253000    1.61109672222364e-06    1.37218859918946    1.37218417773948
254000    1.60942993499488e-06    1.4810037767736    1.48099900963765
255000    1.60776390939895e-06    1.59839219189151    1.59838705222521
256000    1.60609863560251e-06    1.72502485337223    1.725019312261
257000    1.60443411435211e-06    1.86162493582643    1.8616189621269
258000    1.6027703419832e-06    2.00897180738332    2.00896536755278
259000    1.60110732737331e-06    2.16790536624068    2.16789842415347
260000    1.59944505268126e-06    2.33933070953669    2.3393232262868
261000    1.59778353703676e-06    2.52422315982867    2.52421509351714
262000    1.59612278090816e-06    2.72363367637419    2.72362498188055
263000    1.59446276271473e-06    2.93869468046255    2.93868530919902
264000    1.59280350309301e-06    3.170626326252    3.17061622589865
265000    1.59114500009949e-06    3.42074325093991    3.42073236516019
266000    1.58948724006242e-06    3.69046184064317    3.69045010877781
267000    1.58783023203597e-06    3.98130805110645    3.98129540784395
268000    1.58617397914297e-06    4.29492582530139    4.29491220032383
269000    1.58451848658709e-06    4.63308615314554    4.63307147074748
270000    1.58286373453113e-06    4.99769682197168    4.99768100065062
271000    1.58120973935109e-06    5.39081291003437    5.39079586204958
272000    1.57955649657003e-06    5.81464807926906    5.81462971016778
273000    1.57790400516648e-06    6.27158672774146    6.27156693584906
274000    1.57625226428794e-06    6.7641970667606    6.76417574263233
275000    1.57460127104536e-06    7.29524519250414    7.29522221833561
276000    1.5729510362881e-06    7.86771022724132    7.86768547623435
277000    1.57130155112715e-06    8.48480061086638    8.48477394654756
278000    1.56965281558425e-06    9.14997162950076    9.14994290498838
279000    1.56800484192661e-06    9.86694427441752    9.86691333163324
280000    1.56635760560418e-06    10.639725531519    10.6396922003412
281000    1.56471113421702e-06    11.4726302090944    11.4725943064461
282000    1.5630654041412e-06    12.3703044196368    12.3702657485075
283000    1.56142043441906e-06    13.3377508401466    13.3377091885382
284000    1.55977621115345e-06    14.3803558846422    14.3803110244381
285000    1.55813273506973e-06    15.5039189325745    15.5038706183226
286000    1.5564900221517e-06    16.714683767562    16.714631735166
287000    1.55484805591652e-06    18.0193723923739    18.0193163576888
288000    1.55320685377389e-06    19.4252213984533    19.425161055773
289000    1.55156638767555e-06    20.9400210815462    20.9399561019813
290000    1.54992667833812e-06    22.5721575092656    22.5720875389958
291000    1.54828771291534e-06    24.3306577617268    24.3305824201266
292000    1.54664950855422e-06    26.2252385828356    26.2251574604564
293000    1.54501205758965e-06    28.266358697463    28.2662713538679
294000    1.54337535799803e-06    30.4652750687005    30.465181030136
295000    1.54173940730484e-06    32.8341033897411    32.834002146635
296000    1.54010420864805e-06    35.3858831267861    35.3857741310589
297000    1.53846975371335e-06    38.1346474528412    38.1345301150184
298000    1.53683606795008e-06    41.0954984374511    41.0953721235567
299000    1.53520312356116e-06    44.2846878844675    44.284551912694
300000    1.53357093524187e-06    47.7197042389712    47.7195578760927
301000    1.53193949958847e-06    51.4193660156307    51.4192084731563
302000    1.53030881221064e-06    55.4039222342324    55.4037526642711
303000    1.52867888284449e-06    59.6951603840185    59.6949778748353
304000    1.52704969520005e-06    64.3165224770069    64.3163260482548
305000    1.5254212646212e-06    69.2932297918332    69.2930183894233
306000    1.52379359013649e-06    74.6524169540445    74.6521894446423
307000    1.52216666077207e-06    80.4232760464196    80.4230312115332
308000    1.52054048236156e-06    86.6372114940246    86.6369480236505
309000    1.51891506787001e-06    93.3280065235766    93.3277230093766
310000    1.51729039087476e-06    100.53200205558    100.531696983562
311000    1.51566647215874e-06    108.288288950875    108.287960693515
312000    1.51404329983222e-06    116.638914601043    116.638561408844
313000    1.51242089047708e-06    125.629104924865    125.628724917274
314000    1.51079922494944e-06    135.307502911063    135.30709406674
315000    1.50917831442151e-06    145.726424931336    145.725985077679
316000    1.5075581640225e-06    156.942136137506    156.941662939423
317000    1.50593875132498e-06    169.015146353019    169.014637300869
318000    1.50432009136621e-06    182.010527972424    182.009980369059
319000    1.50270219310381e-06    195.998257493402    195.997668440265
320000    1.50108504448875e-06    211.053582424909    211.052948807107
321000    1.49946864558534e-06    227.257415442618    227.256733912902
322000    1.49785299468131e-06    244.696757799806    244.696024761361
323000    1.49623809600814e-06    263.465154148621    263.4643657366
324000    1.49462395604851e-06    283.66318108424    283.662333145936
325000    1.49301056106602e-06    305.398971893285    305.398059966866
326000    1.4913979243967e-06    328.7887801691    328.787799460754
327000    1.48978603637141e-06    353.957585150727    353.956530510163
328000    1.48817490089181e-06    381.039741850828    381.038607744956
329000    1.48656452430499e-06    410.179679261179    410.178459745872
330000    1.48495489218172e-06    441.532650163995    441.531338853805
331000    1.48334600420079e-06    475.265536334233    475.264126369856
332000    1.48173787634262e-06    511.557713193465    511.556197206832
333000    1.48013049988721e-06    550.601978271294    550.600348348144
334000    1.4785238772339e-06    592.605548146911    592.603795786596
335000    1.47691800776732e-06    637.79112888291    637.789244955286
336000    1.47531288177536e-06    686.398065327424    686.396040026596
337000    1.47370851754691e-06    738.683575050817    738.681397845473
338000    1.47210489770698e-06    794.924073101471    794.921732681674
339000    1.47050203736937e-06    855.416594213529    855.41407843354
340000    1.46889992764291e-06    920.480319580091    920.477615397113
341000    1.46729857022355e-06    990.458215820507    990.455309228924
342000    1.46569796027075e-06    1065.71879432258    1065.71567028343
343000    1.4640981049561e-06    1146.65799973226    1146.65464209756
344000    1.46249900126979e-06    1233.70123699772    1233.69762842935
345000    1.46090065376965e-06    1327.30554705448    1327.30166893706
346000    1.45930304518247e-06    1427.96194196651    1427.95777431417
347000    1.4577062005518e-06    1536.19791111937    1536.19343247546
348000    1.45611009919109e-06    1652.58011089737    1652.5752982272
349000    1.45451476373322e-06    1777.71725117375    1777.7120797493
350000    1.45292016748311e-06    1912.2631929029    1912.25763617945
351000    1.45132632598222e-06    2056.92027213326    2056.91430161684
352000    1.44973323901613e-06    2212.44286686187    2212.43645196724
353000    1.44814089806334e-06    2379.64122433315    2379.63433223157
354000    1.44654931606491e-06    2559.38556765028    2559.37816310611
355000    1.44495848224596e-06    2752.61050192334    2752.60254711905
356000    1.44336840401368e-06    2960.31974163124    2960.31119597961
357000    1.44177907145164e-06    3183.59118243046    3183.58200237341
358000    1.44019049557327e-06    3423.5823423107    3423.5724811034
359000    1.43860267202665e-06    3681.53619878288    3681.5256062625
360000    1.43701560159501e-06    3958.78745069768    3958.77607303537
361000    1.4354292832501e-06    4256.76923534112    4256.75701477624
362000    1.43384371282358e-06    4577.02033364786    4577.00720820302
363000    1.43225889534842e-06    4921.19289872244    4921.17880189802
364000    1.4306748267962e-06    5291.06074537544    5291.04560582226
365000    1.42909152466606e-06    5688.52824107623    5688.51198224447
366000    1.42750895937004e-06    6115.63984161041    6115.622381374
367000    1.42592715037939e-06    6574.59031781994    6574.571568073
368000    1.42434608938073e-06    7067.73572311366    7067.71558933886
369000    1.42276578558116e-06    7597.60515497922    7597.58353578465
370000    1.42118623668249e-06    8166.91336752113    8166.89015414438
371000    1.41960743813001e-06    8778.57429611236    8778.54937188901
372000    1.41802939041197e-06    9435.71555959556    9435.68879938954
373000    1.41645208445964e-06    10141.6940101264    10141.6652797199
374000    1.41487554470657e-06    10900.1124057364    10900.081561175
375000    1.41329974927211e-06    11714.8372860281    11714.8041729217
376000    1.41172471450815e-06    12590.0181371293    12589.9825899
377000    1.41015042290161e-06    13530.1079381466    13530.0697792255
378000    1.40857688738732e-06    14539.8851879028    14539.844226868
379000    1.40700410203056e-06    15624.4775177527    15624.4335504066
380000    1.40543207529719e-06    16789.3870037642    16789.3398111445
381000    1.4038607943233e-06    18040.5172995826    18040.4666469038
382000    1.40229025686822e-06    19384.2027198817    19384.1483554008
383000    1.40072048000869e-06    20827.2394134993    20827.1810672994
384000    1.39915145940639e-06    22376.9187751905    22376.8561578809
385000    1.3975831841141e-06    24041.0632554609    24040.9960567834
386000    1.39601566916449e-06    25828.0647392054    25827.9926265399
387000    1.394448894608e-06    27746.9256759304    27746.8482926986
388000    1.39288287894096e-06    29807.3031572401    29807.2201211913
389000    1.39131761162332e-06    32019.5561510605    32019.4670524396
390000    1.38975310199626e-06    34394.796116845    34394.7005164287
391000    1.38818934018414e-06    36944.9412418006    36944.8386687958
392000    1.38662633126989e-06    39682.774555072    39682.6645048644
393000    1.38506407720775e-06    42622.0061949033    42621.8881266475
394000    1.38350256787167e-06    45777.3401231372    45777.2134571772
395000    1.38194181493763e-06    49164.545602099    49164.409717204
396000    1.380381816444e-06    52800.533771049    52800.3880014568
397000    1.37882256556993e-06    56703.4396830535    56703.2833153048
398000    1.37726407525615e-06    60892.710188451    60892.5424579976
399000    1.37570633030941e-06    65389.1980781669    65389.0181657469
400000    1.3741493313876e-06    70215.2629291001    70215.069956852
401000    1.37259309815719e-06    75394.8791247768    75394.6721520794
402000    1.37103760000224e-06    80953.7515575997    80953.5295766295
403000    1.3694828627281e-06    86919.4395544473    86919.2014854075
404000    1.36792889114188e-06    93321.4896052647    93321.2342912903
405000    1.36637564760894e-06    100191.577514795    100191.303716506
406000    1.36482316478849e-06    107563.660640927    107563.367030576
407000    1.36327144002868e-06    115474.140929448    115473.82608468
408000    1.36172045975674e-06    123962.03950451    123961.701901678
409000    1.36017023784584e-06    133069.183627088    133068.821634094
410000    1.35862075986022e-06    142840.406890288    142840.018758931
411000    1.35707203898895e-06    153323.763580909    153323.347438688
412000    1.35552407522058e-06    164570.758201348    164570.312042703
413000    1.35397685836784e-06    176636.591215121    176636.112892055
414000    1.35243040036074e-06    189580.422153173    189579.909365214
415000    1.35088467801393e-06    203465.651297216    203465.101580697
416000    1.34933971604776e-06    218360.221240792    218359.63195735
417000    1.34779551467201e-06    234336.939719055    234336.308043354
418000    1.34625205259914e-06    251473.825194749    251473.148101354
419000    1.34470934684378e-06    269854.476791049    269853.75104035
420000    1.34316739745604e-06    289568.470272089    289567.692395277
421000    1.34162619643004e-06    310711.781889878    310710.948172864
422000    1.34008574344253e-06    333387.242042122    333386.348508339
423000    1.33854605318917e-06    357705.020820054    357704.063212049
424000    1.33700710671707e-06    383783.14766907    383782.12142885
425000    1.33546891681296e-06    411748.067538606    411746.967786583
426000    1.33393146931884e-06    441735.236061797    441734.057574304
427000    1.33239479001308e-06    473889.756480801    473888.493665998
428000    1.33085884947714e-06    508367.061221026    508365.708093223
429000    1.32932366677478e-06    545333.641217679    545332.191369775
430000    1.32778923045944e-06    584967.826311831    584966.272885934
431000    1.32625555571668e-06    627460.620261701    627458.955917641
432000    1.32472262729029e-06    673016.594158819    673014.811040559
433000    1.32319045292334e-06    721854.842299462    721852.931999118
434000    1.32165902690633e-06    774210.004840141    774207.958359563
435000    1.32012834829098e-06    830333.361863376    830331.169573051
436000    1.3185984280053e-06    890494.003797624    890491.655392734
437000    1.31706926665111e-06    954980.083474523    954977.567928
438000    1.31554084942528e-06    1024100.15546897    1024097.46098133
439000    1.31401318765454e-06    1098184.60875448    1098181.72270016
440000    1.31248627739428e-06    1177587.19911973    1177584.10798971
441000    1.31096011231238e-06    1262686.68823308    1262683.37757366
442000    1.30943470972401e-06    1353888.59671385    1353885.05106105
443000    1.30791004827453e-06    1451627.07907153    1451623.28188121
444000    1.3063861485583e-06    1556366.92891212    1556362.86248503
445000    1.30486299365454e-06    1668605.72338412    1668601.36878609
446000    1.30334059583883e-06    1788876.11644942    1788871.45342577
447000    1.30181894731593e-06    1917748.29121823    1917743.29810261
448000    1.30029804987365e-06    2055832.58228556    2055827.23590231
449000    1.29877790560069e-06    2203782.27975203    2203776.55531199
450000    1.29725852222887e-06    2362296.62740755    2362290.49839663
451000    1.2957398723003e-06    2532124.02840587    2532117.46646625
452000    1.29422199071541e-06    2714065.47266477    2714058.44746743
453000    1.29270484741412e-06    2908978.20119433    2908970.68030361
454000    1.29118846851998e-06    3117779.62358916    3117771.57231736
455000    1.28967283500004e-06    3341451.50602263    3341442.88727527
456000    1.2881579588409e-06    3581044.44825827    3581035.22236834
457000    1.2866438322137e-06    3837682.66944945    3837672.79400068
458000    1.28513045317858e-06    4112569.12383854    4112558.55347648
459000    1.28361783455811e-06    4406990.96889761    4406979.65512772
460000    1.28210595920685e-06    4722325.40997872    4722313.30095114
461000    1.28059483980531e-06    5060045.94717093    5060032.98745007
462000    1.27908447652154e-06    5421729.05179926    5421715.18211806
463000    1.27757485966673e-06    5809061.30185503    5809046.45885264
464000    1.27606600024661e-06    6223847.00762623    6223831.12356739
465000    1.27455788424451e-06    6668016.36090722    6667999.36338324
466000    1.27305052042406e-06    7143634.14341976    7143615.95502858
467000    1.27154392074808e-06    7652909.0324803    7652889.57048514
468000    1.27003806513129e-06    8198203.54451177    8198182.72047708
469000    1.26853296057635e-06    8782044.65973286    8782022.3791349
470000    1.26702861016077e-06    9407135.17427515    9407111.33608654
471000    1.26552501345836e-06    10076365.8290897    10076340.325336
472000    1.26402216826539e-06    10792828.2683244    10792800.9836105
473000    1.26252007277555e-06    11559828.8833923    11559799.6943971
474000    1.26101874122501e-06    12380903.6027297    12380872.3776661
475000    1.25951813848866e-06    13259833.6912658    13259800.2893058
476000    1.25801830967413e-06    14200662.6279249    14200626.8985827
477000    1.25651921611561e-06    15207714.1340584    15207675.9165363
478000    1.25502087353574e-06    16285611.4305917    16285570.5530784
479000    1.25352330193736e-06    17439297.806877    17439254.0857995
480000    1.25202646413148e-06    18674058.5897991    18674011.8290266
481000    1.25053038844782e-06    19995544.6076015    19995494.5975917
482000    1.24903506580778e-06    21409797.2492166    21409743.7661084
483000    1.24754048909754e-06    22923275.2266165    22923218.0312599
484000    1.24604666897221e-06    24542883.1548766    24542821.9917972
485000    1.24455360721973e-06    26276002.0723002    26275936.6685953
486000    1.24306128492636e-06    28130522.0311098    28130452.095271
487000    1.24156972255894e-06    30114876.8979079    30114802.118562
488000    1.24007890479138e-06    32238081.5123823    32238001.5569518
489000    1.23858884218598e-06    34509771.3626145    34509685.8758848
490000    1.23709953237496e-06    36940244.9458848    36940153.5484784
491000    1.23561097894503e-06    39540508.9950966    39540411.2818433
492000    1.23412316979665e-06    42322326.7629106    42322222.3011114
493000    1.23263611641759e-06    45298269.5684376    45298157.8960091
494000    1.23114981802064e-06    48481771.8249319    48481652.4484297
495000    1.22966426429607e-06    51887189.7814175    51887062.1739283
496000    1.22817946823261e-06    55529864.2266193    55529727.8255086
497000    1.22669542226831e-06    59426187.4200262    59426041.6245409
498000    1.22521213303374e-06    63593674.5324478    63593518.7011555
499000    1.22372958867804e-06    68051039.8971075    68050873.3451692
500000    1.22224779914324e-06    72818278.3922264    72818100.3884829
501000    1.22076676610718e-06    77916752.297261    77916562.0611298
502000    1.21928648324947e-06    83369283.9875606    83369080.6857263
503000    1.21780694707849e-06    89200254.8562847    89200037.5991691
504000    1.21632817457605e-06    95435710.8780793    95435478.7160737
505000    1.21485014513672e-06    102103475.256333    102103227.17579
506000    1.21337286274447e-06    109233268.624947    109233003.543901
507000    1.21189634412635e-06    116856837.306579    116856554.070174
508000    1.2104205692536e-06    125008090.162318    125007787.537957
509000    1.20894554976664e-06    133723244.602996    133722921.275144
510000    1.20747128787508e-06    143040982.36975    143040636.934409
511000    1.20599777046687e-06    153002615.731424    153002246.690242
512000    1.20452500655913e-06    163652264.78889    163651870.542874
513000    1.20305299341e-06    175037046.621635    175036625.464456
514000    1.2015817296132e-06    187207277.060223    187206827.171076
515000    1.20011122118254e-06    200216685.919533    200216205.355527
516000    1.19864147027657e-06    214122646.582424    214122133.270471
517000    1.19717246500269e-06    228986420.881644    228985872.609825
518000    1.19570421285821e-06    244873420.289862    244872834.698201
519000    1.19423671651246e-06    261853484.493669    261852859.064325
520000    1.19276996925132e-06    280001178.497737    280000510.544539
521000    1.19130397360749e-06    299396109.480116    299395396.137416
522000    1.18983873272223e-06    320123264.699377    320122502.910164
523000    1.18837424286733e-06    342273371.839084    342272558.342333
524000    1.18691050362324e-06    365943283.265438    365942414.582615
525000    1.18544751780046e-06    391236385.770005    391235458.1907
526000    1.18398528944614e-06    418263037.471835    418262047.03844
527000    1.1825238008747e-06    447141033.662135    447139976.153556
528000    1.18106306360194e-06    477996103.490671    477994974.40492
529000    1.17960309369203e-06    510962439.516411    510961234.052084
530000    1.17814386858437e-06    546183262.276308    546181975.312901
531000    1.17668539162226e-06    583811422.165897    583810048.24277
532000    1.17522766404929e-06    624010041.074118    624008574.368116
533000    1.17377069593839e-06    666953196.373144    666951630.674746
534000    1.17231448277108e-06    712826650.032417    712824978.720365
535000    1.17085901150724e-06    761828625.805431    761826841.819696
536000    1.1694043059264e-06    814170637.628499    814168733.441427
537000    1.16795034219912e-06    870078372.573809    870076340.159517
538000    1.16649713264716e-06    929792631.91499    929790462.716643
539000    1.16504467769967e-06    993570334.093242    993568018.98828
540000    1.16359298093386e-06    1061685583.61654    1061683112.87963
541000    1.16214202236609e-06    1134430810.18458    1134428173.44821
542000    1.16069182313016e-06    1212117982.60874    1212115168.82115
543000    1.15924237438943e-06    1295079902.39087    1295076899.77135
544000    1.1577936817864e-06    1383671582.13763    1383668378.1289
545000    1.15634573302815e-06    1478271714.32041    1478268295.53798
546000    1.15489854555922e-06    1579284236.24507    1579280588.42314
547000    1.15345210009667e-06    1687139997.47252    1687136105.40666
548000    1.15200641118332e-06    1802298536.33214    1802294383.81799
549000    1.15056147950754e-06    1925249972.59622    1925245542.3644
550000    1.14911730287968e-06    2056517023.83704    2056512297.48388
551000    1.14767386053706e-06    2196657153.47036    2196652111.38415
552000    1.14623118109573e-06    2346264859.00183    2346259480.28411
553000    1.14478925670579e-06    2505974109.53815    2505968371.92024
554000    1.14334807720707e-06    2676460942.20454    2676454821.95859
555000    1.14190766243401e-06    2858446227.72664    2858439699.5708
556000    1.14046798690857e-06    3052698616.09066    3052691653.08851
557000    1.13902907279214e-06    3260037673.89225    3260030247.34533
558000    1.13759090583363e-06    3481337225.72608    3481329305.05995
559000    1.13615349333712e-06    3717528912.75555    3717520465.39822
560000    1.13471682517872e-06    3969605982.43996    3969596973.69279
561000    1.13328091216283e-06    4238627324.28675    4238617717.18676
562000    1.13184576378675e-06    4525721767.44302    4525711522.6166
563000    1.1304113566252e-06    4832092656.94677    4832081732.45428
564000    1.12897770199331e-06    5159022726.52779    5159011077.6977
565000    1.12754479604353e-06    5507879286.98517    5507866866.23792
566000    1.12611264606089e-06    5880119750.37637    5880106507.03686
567000    1.12468124570852e-06    6277297511.53756    6277283391.63587
568000    1.12325060478432e-06    6701068209.81935    6701053155.87842
569000    1.12182071658109e-06    7153196395.37309    7153180346.18329
570000    1.12039157023314e-06    7635562625.86413    7635545516.2433
571000    1.11896318525628e-06    8150171021.12678    8150152781.66454
572000    1.11753554350956e-06    8699157305.01657    8699137861.80333
573000    1.11610866971603e-06    9284797365.56504    9284776639.9025
574000    1.11468253196827e-06    9909516366.50799    9909494274.60303
575000    1.1132571587316e-06    10575898445.3463    10575874897.9832
576000    1.11183252379738e-06    11286697035.3172    11286671937.5114
577000    1.11040864541692e-06    12044845851.0124    12044819101.6402
578000    1.10898551988693e-06    12853470579.8811    12853442071.2872
579000    1.10756315366557e-06    13715901324.5209    13715870942.1007
580000    1.10614153681006e-06    14635685843.4822    14635653465.238
581000    1.10472066921565e-06    15616603641.3158    15616569137.3843
582000    1.103300559498e-06    16662680961.7834    16662644193.9335
583000    1.10188117985491e-06    17778206741.5373    17778167562.6376
584000    1.10046258029028e-06    18967749585.1742    18967707838.6229
585000    1.09904471670204e-06    20236175826.3908    20236131345.5154
586000    1.09762761613223e-06    21588668744.0255    21588621351.4395
587000    1.09621125794621e-06    23030749006.0852    23030698513.0078
588000    1.09479565578759e-06    24568296419.4302    24568242624.9607
589000    1.09338081026567e-06    26207573067.6549    26207515758.0026
590000    1.09196670948083e-06    27955247924.8636    27955186872.5301
591000    1.09055336171244e-06    29818423038.5229    29818358001.4309
592000    1.08914077288751e-06    31804661380.3935    31804592100.962
593000    1.08772892883567e-06    33922016470.7256    33921942674.8886
594000    1.08631784339319e-06    36179063887.4635    36178985283.6236
595000    1.08490750448086e-06    38584934779.1745    38584851057.0947
596000    1.08349792234675e-06    41149351507.8121    41149262337.435
597000    1.08208908959772e-06    43882665555.2789    43882570585.4744
598000    1.08068101118127e-06    46795897836.0899    46795796693.3228
599000    1.07927368289049e-06    49900781567.2888    49900673854.2044
600000    1.07786710387764e-06    53209807856.1614    53209693150.082
601000    1.07646128356902e-06    56736274176.2659    56736152027.5924
602000    1.07505621321902e-06    60494335912.8809    60494205843.3974
603000    1.07365189186035e-06    64499061170.2082    64498922671.2788
604000    1.0722483195265e-06    68766489044.5909    68766341575.2444
605000    1.07084550700473e-06    73313691580.6611    73313534565.5547
606000    1.06944345202356e-06    78158839640.7616    78158672468.0218
607000    1.06804213599454e-06    83321272932.2387    83321094951.1682
608000    1.06664157534874e-06    88821574452.3263    88821384970.9602
609000    1.06524176674895e-06    94681649626.3923    94681447908.9117
610000    1.06384271535861e-06    100924810432.346    100924595696.326
611000    1.06244441310183e-06    107575864822.076    107575636235.566
612000    1.06104686241772e-06    114661211769.963    114660968448.383
613000    1.05965007065051e-06    122208942298.846    122208683301.691
614000    1.05825402111271e-06    130248946855.411    130248671182.759
615000    1.05685872959815e-06    138813029429.866    138812736018.652
616000    1.05546418659929e-06    147935028839.043    147934716559.123
617000    1.05407039936569e-06    157650947617.857    157650615267.813
618000    1.05267736247704e-06    167999088991.36    167998735294.056
619000    1.05128507478931e-06    179020202428.646    179019826026.507
620000    1.04989354395534e-06    190757638310.595    190757237760.59
621000    1.04850276847049e-06    203257512276.082    203257086044.4
622000    1.04711274216963e-06    216568879845.848    216568426302.256
623000    1.04572346458385e-06    230743921959.965    230743439371.802
624000    1.04433493850089e-06    245838142103.683    245837628629.497
625000    1.04294716715548e-06    261910575737.777    261910029420.561
626000    1.04156014926625e-06    279024012793.222    279023431553.242
627000    1.0401738850567e-06    297245234036.471    297244615663.655
628000    1.03878836422851e-06    316645262160.798    316644604306.654
629000    1.03740360662886e-06    337299628511.351    337298928680.374
630000    1.03601959637499e-06    359288656406.897    359287911947.491
631000    1.03463633773005e-06    382697762079.892    382696970174.689
632000    1.03325383150133e-06    407617774318.688    407616931974.304
633000    1.03187208235802e-06    434145273961.652    434144377997.801
634000    1.03049107451205e-06    462382954462.851    462382001500.818
635000    1.02911082441323e-06    492440004823.054    492438991273.418
636000    1.02773132444249e-06    524432516258.374    524431438308.033
637000    1.02635258617388e-06    558483914062.122    558482767660.48
638000    1.02497458812773e-06    594725416203.694    594724197048.067
639000    1.02359735226706e-06    633296520301.894    633295223821.938
640000    1.02222086396009e-06    674345520709.21    674344142050.498
641000    1.02084512723769e-06    718030057548.679    718028591555.204
642000    1.01947014123555e-06    764517699656.317    764516140851.972
643000    1.01809591035124e-06    813986563500.155    813984906069.06
644000    1.01672243868638e-06    866625970271.969    866624208037.621
645000    1.01534971087863e-06    922637143480.361    922635269883.55
646000    1.01397773192873e-06    982233949514.287    982231957589.602
647000    1.01260650696113e-06    1045643683794.96    1045641566145.91
648000    1.01123604376262e-06    1113107905291.76    1113105654064.37
649000    1.00986632145462e-06    1184883322344.79    1184880929199.69
650000    1.00849735149864e-06    1261242732913.91    1261240188996.57
651000    1.00712914270034e-06    1342476022561.34    1342473318470.61
652000    1.00576168634176e-06    1428891223673.91    1428888349428.71
653000    1.00439497241713e-06    1520815639641.38    1520812584645.28
654000    1.00302901844665e-06    1618597037930    1618593790933.66
655000    1.00166380644153e-06    1722604916227.25    1722601465288.72
656000    1.00029935843717e-06    1833231846083.13    1833228178525.52
657000    9.98935654608033e-07    1950894898738.97    1950891001105.92
658000    9.97572710629147e-07    2076037158115.18    2076033016123.28
659000    9.9621051313077e-07    2209129326226.43    2209124924715.09
660000    9.94849072048868e-07    2350671426607.94    2350666749486.02
661000    9.93488384440813e-07    2501194611669.79    2501189641859.14
662000    9.92128439813827e-07    2661263080249.1    2661257799624.77
663000    9.90769258150368e-07    2831476112004.21    2831470501330.8
664000    9.89410814014626e-07    3012470225690.58    3012464264555.24
665000    9.88053131670535e-07    3204921468777.57    3204915135518.44
666000    9.86696209662354e-07    3409547846309.18    3409541117939.94
667000    9.85340028971507e-07    3627111897381.77    3627104749511.73
668000    9.83984605463624e-07    3858423428109.46    3858415834858.42
669000    9.82629929264835e-07    4104342410474.91    4104334344383.45
670000    9.81276011124905e-07    4365782057020.71    4365773488954.72
671000    9.79922836196437e-07    4643712081927.36    4643702980977.25
672000    9.78570424745073e-07    4939162159648.76    4939152493022.19
673000    9.77218765421915e-07    5253225592937.83    5253215325846.6
674000    9.7586784952684e-07    5587063202795.48    5587052298335.41
675000    9.74517688150938e-07    5941907453617.24    5941895872640.69
676000    9.73168279740157e-07    6319066827596.79    6319054528577.97
677000    9.7181962866529e-07    6719930463276.13    6719917402168.17
678000    9.70471720105354e-07    7145973074010.92    7145959204094.82
679000    9.69124574470732e-07    7598760163050.11    7598745434773.96
680000    9.67778164285427e-07    8079953552913.09    8079937913722.99
681000    9.6643252776618e-07    8591317247789.64    8591300641948.8
682000    9.6508763290471e-07    9134723648790.13    9134706017189.5
683000    9.63743491687552e-07    9712160143040.23    9712141422996.01
684000    9.6240010370877e-07    10325736088848.3    10325716213888.5
685000    9.61057473681308e-07    10977690220480.2    10977669120118
686000    9.59715582084311e-07    11670398497457    11670376096951.9
687000    9.58374452936223e-07    12406382424754.6    12406358644857.4
688000    9.57034075792532e-07    13188317871828.5    13188292628513.5
689000    9.55694439228671e-07    14019044420026.5    14019017624206.5
690000    9.54355564754225e-07    14901575269678.3    14901546826902.9
691000    9.53017443508033e-07    15839107739987.6    15839077550124.4
692000    9.51680070233737e-07    16835034396783    16835002353680
693000    9.50343451804261e-07    17892954845238.3    17892920836365.7
694000    9.49007592397299e-07    19016688226835    19016652132906.2
695000    9.47672468209775e-07    20210286462133.4    20210248156705.6
696000    9.46338109572772e-07    21478048283344.4    21478007632391.7
697000    9.45004502556814e-07    22824534103253.2    22824490964718.9
698000    9.43671644119823e-07    24254581769760.1    24254535993081.2
699000    9.42339540102073e-07    25773323258170.4    25773274683773.1
700000    9.41008183330211e-07    27386202356394.8    27386150815162.2
701000    9.39677578865168e-07    29098993401427.9    29098938714136
702000    9.38347733632195e-07    30917821128865.1    30917763105584.8
703000    9.37018635599998e-07    32849181700794.9    32849120140261.8
704000    9.35690298227756e-07    34899964981201.1    34899899670144.9
705000    9.34362706223243e-07    37077478132008.4    37077408844447.5
706000    9.33035872019665e-07    39389470607145    39389397103635.5
707000    9.31709781301887e-07    41844160626471.2    41844082653316.4
708000    9.3038445045788e-07    44450263216154.5    44450180504564.1
709000    9.29059864785327e-07    47217019907080.5    47216932172285.7
710000    9.2773603411407e-07    50154230188171.8    50154137128484.9
711000    9.26412956275558e-07    53272284817081.6    53272186112903.3
712000    9.25090635937764e-07    56582201096635.8    56582096409403.8
713000    9.23769060220381e-07    60095660231644.5    60095549202723.9
714000    9.22448241952754e-07    63825046887302.2    63824929136806.2
715000    9.21128166923563e-07    67783491077373.5    67783366202922.8
716000    9.19808854851665e-07    71984912517733.8    71984780093135.7
717000    9.18490298305346e-07    76444067588623.2    76443927162483.3
718000    9.17172477901032e-07    81176599057207    81176450151458.5
719000    9.15855422580772e-07    86199088720733.1    86198930829072.1
720000    9.14539111882903e-07    91529113139770.8    91528945726016.2
721000    9.1322355639109e-07    97185302640726.7    97185125137073.3
722000    9.11908760978933e-07    103187403777096    103187215582272
723000    9.10594715866739e-07    109556345449746    109556145927070
724000    9.09281417679412e-07    116314308897996    116314097373309
725000    9.07968864521086e-07    123484801785329    123484577544822
726000    9.06657074064113e-07    131092736616395    131092498904296
727000    9.05346036848739e-07    139164513735431    139164261751577
728000    9.0403574893921e-07    147728109170514    147727842067772
729000    9.02726220714363e-07    156813167603111    156812884484650
730000    9.01417430767784e-07    166451100758319    166450800674742
731000    9.00109397349231e-07    176675191527989    176674873474275
732000    8.98802127336703e-07    187520704156681    187520367068968
733000    8.97495598300034e-07    199025000839142    199024643591338
734000    8.96189817120984e-07    211227665097816    211227286497990
735000    8.94884801370459e-07    224170632329777    224170231116353
736000    8.93580530641906e-07    237898327934580    237897902772331
737000    8.92277009714436e-07    252457813457827    252457362933623
738000    8.90974246303207e-07    267898941209875    267898463828186
739000    8.89672235617493e-07    284274517845088    284274012023246
740000    8.88370974702167e-07    301640477414510    301639941477696
741000    8.87070472253847e-07    320056064433780    320055496609715
742000    8.85770717196363e-07    339584027538736    339583425952094
743000    8.8447171098877e-07    360290824333420    360290186999900
744000    8.83173465081843e-07    382246838069310    382246162889377
745000    8.81875960278912e-07    405526606830591    405525891582890
746000    8.8057922413222e-07    430209065938272    430208308272609
747000    8.79283225861562e-07    456377804326038    456377001756047
748000    8.77987984659598e-07    484121335683080    484120485578394
749000    8.76693497102655e-07    513533385203809    513532484781840
750000    8.75399755405006e-07    544713192831501    544712239148744
751000    8.74106776873296e-07    577765833932686    577764823875508
752000    8.7281454128078e-07    612802558391634    612801488666600
753000    8.71523061857404e-07    649941149169658    649940016293245
754000    8.70232346298883e-07    689306301432486    689305101720250
755000    8.6894236770949e-07    731030023410637    731028752965822
756000    8.67653146168903e-07    775252060222857    775250714924246
757000    8.66364676458021e-07    822120341961376    822118917450562
758000    8.65076955117821e-07    871791457410228    871789949078134
759000    8.63789986078029e-07    924431154844382    924429557817012
760000    8.62503780947417e-07    980214871438083    980213180561476
761000    8.61218318645446e-07    1.03932829289597e+15    1.03932650272038e+15
762000    8.5993361495207e-07    1.10196794501025e+15    1.10196604977333e+15
763000    8.58649652763224e-07    1.16834181894213e+15    1.16833981255126e+15
764000    8.57366454321358e-07    1.23867003212527e+15    1.23866790813882e+15
765000    8.56084003434898e-07    1.31318552679491e+15    1.31318327840259e+15
766000    8.54802302841504e-07    1.39213480825701e+15    1.39213242825896e+15
767000    8.53521355135107e-07    1.47577872512936e+15    1.47577620591419e+15
768000    8.52241169823776e-07    1.56439329391004e+15    1.56439062743157e+15
769000    8.50961721377271e-07    1.65827057035922e+15    1.65826774811206e+15
770000    8.49683033331909e-07    1.75771957031764e+15    1.75771658331119e+15
771000    8.48405098533535e-07    1.8630672427304e+15    1.86306408146159e+15
772000    8.47127917968193e-07    1.97465949779739e+15    1.97465615222185e+15
773000    8.4585148322088e-07    2.09286229333314e+15    2.09285875283479e+15
774000    8.44575810304474e-07    2.21806278258895e+15    2.21805903594777e+15
775000    8.43300880727301e-07    2.3506705269693e+15    2.35066656232759e+15
776000    8.42026706280913e-07    2.49111877726393e+15    2.49111458209038e+15
777000    8.40753288064206e-07    2.63986582721586e+15    2.63986138826784e+15
778000    8.39480611568099e-07    2.79739644345628e+15    2.79739174674006e+15
779000    8.38208703487538e-07    2.96422337605834e+15    2.96421840678684e+15
780000    8.36937538516795e-07    3.14088895419576e+15    3.14088369674442e+15
781000    8.35667128800658e-07    3.32796677163819e+15    3.32796120949796e+15
782000    8.34397460265118e-07    3.52606346707472e+15    3.52605758280283e+15
783000    8.33128561170228e-07    3.73582060453084e+15    3.73581437969834e+15
784000    8.31860400280837e-07    3.957916659432e+15    3.95791007456921e+15
785000    8.30593000435008e-07    4.19306911617115e+15    4.19306215070922e+15
786000    8.29326345323293e-07    4.44203668335785e+15    4.44202931556787e+15
787000    8.28060449340556e-07    4.70562163326408e+15    4.70561384019221e+15
788000    8.26795304646779e-07    4.98467227233754e+15    4.9846640297371e+15
789000    8.25530910073757e-07    5.28008555002824e+15    5.28007683228778e+15
790000    8.24267272625598e-07    5.59280981356917e+15    5.59280059363659e+15
791000    8.23004379000679e-07    5.92384771676801e+15    5.92383796607081e+15
792000    8.2174225105733e-07    6.27425929130568e+15    6.27424897966625e+15
793000    8.20480870447436e-07    6.64516518949944e+15    6.64515428504655e+15
794000    8.19220233629797e-07    7.03775010797522e+15    7.03773857705009e+15
795000    8.17960355457917e-07    7.4532664022072e+15    7.45325420926431e+15
796000    8.16701230103119e-07    7.8930379024226e+15    7.8930250099256e+15
797000    8.15442855622338e-07    8.3584639419394e+15    8.35845031025111e+15
798000    8.14185242596995e-07    8.85102360960456e+15    8.85100919687068e+15
799000    8.12928372786517e-07    9.37228023863177e+15    9.37226500065911e+15
800000    8.11672257564745e-07    9.92388614480396e+15    9.92387003493089e+15
801000    8.10416893280765e-07    1.05075876277061e+16    1.05075705966668e+16
802000    8.09162278655633e-07    1.11252302493929e+16    1.11252122451741e+16
803000    8.07908430497028e-07    1.17787644056738e+16    1.1778745373363e+16
804000    8.06655313041629e-07    1.24702512060153e+16    1.24702310876428e+16
805000    8.05402959557821e-07    1.32018686789265e+16    1.32018474132954e+16
806000    8.04151365072616e-07    1.39759183205976e+16    1.39758958431081e+16
807000    8.02900516142066e-07    1.4794832005523e+16    1.47948082479855e+16
808000    8.01650427021534e-07    1.56611792788433e+16    1.56611541692813e+16
809000    8.00401075443901e-07    1.65776750512055e+16    1.65776485136489e+16
810000    7.9915248384685e-07    1.75471877180534e+16    1.75471596723186e+16
811000    7.97904645593553e-07    1.85727477264409e+16    1.85727180879011e+16
812000    7.96657559923241e-07    1.96575566136949e+16    1.96575252930377e+16
813000    7.95411224809591e-07    2.08049965435624e+16    2.08049634465332e+16
814000    7.9416564482594e-07    2.20186403668438e+16    2.20186053939762e+16
815000    7.92920811136592e-07    2.33022622349653e+16    2.33022252812972e+16
816000    7.91676737142129e-07    2.46598487964587e+16    2.46598097512324e+16
817000    7.9043341801311e-07    2.6095611007923e+16    2.60955697542696e+16
818000    7.89190845498235e-07    2.76139965927228e+16    2.76139530073306e+16
819000    7.87949029587012e-07    2.92197031824575e+16    2.92196571352203e+16
820000    7.86707957926605e-07    3.0917692178099e+16    3.09176435317483e+16
821000    7.8546764076713e-07    3.2713203369661e+16    3.2713151979376e+16
822000    7.84228081719938e-07    3.46117703553354e+16    3.46117160683335e+16
823000    7.82989274962485e-07    3.6619236803202e+16    3.66191794583075e+16
824000    7.81751213571691e-07    3.87417736009134e+16    3.87417130281037e+16
825000    7.80513917033229e-07    4.09858969411662e+16    4.09858329610902e+16
826000    7.79277362421193e-07    4.33584873933049e+16    4.33584198167822e+16
827000    7.78041570504664e-07    4.5866810014077e+16    4.58667386415628e+16
828000    7.76806512389147e-07    4.85185355533639e+16    4.85184601743937e+16
829000    7.75572220291013e-07    5.1321762813669e+16    5.13216832062637e+16
830000    7.74338679647426e-07    5.42850422252532e+16    5.42849581553024e+16
831000    7.73105886423873e-07    5.74174007020788e+16    5.74173119226865e+16
832000    7.71873852747851e-07    6.07283678471657e+16    6.07282740979595e+16
833000    7.70642571491569e-07    6.42280035795809e+16    6.42279045859895e+16
834000    7.69412037571059e-07    6.79269272590964e+16    6.79268227315858e+16
835000    7.68182266509515e-07    7.18363483885501e+16    7.1836238021817e+16
836000    7.66953237653872e-07    7.5968098978165e+16    7.59679824502954e+16
837000    7.65724965900481e-07    8.03346676605082e+16    8.03345446320811e+16
838000    7.64497436340481e-07    8.49492356494403e+16    8.49491057625939e+16
839000    7.63270669168603e-07    8.98257146413024e+16    8.98255775187404e+16
840000    7.62044650926547e-07    9.4978786761749e+16    9.49786420057065e+16
841000    7.60819391407495e-07    1.00423946667059e+17    1.00423793858203e+17
842000    7.59594880444105e-07    1.06177545914455e+17    1.06177384610737e+17
843000    7.58371122977546e-07    1.12256839721974e+17    1.12256669457412e+17
844000    7.57148117908929e-07    1.18680036244704e+17    1.18679856528108e+17
845000    7.55925860373158e-07    1.25466348500894e+17    1.25466158814523e+17
846000    7.54704365115223e-07    1.32636049088342e+17    1.32635848886482e+17
847000    7.53483613585247e-07    1.40210527838864e+17    1.40210316546353e+17
848000    7.52263617592196e-07    1.48212352566318e+17    1.48212129576965e+17
849000    7.51044369540774e-07    1.56665333071765e+17    1.56665097746709e+17
850000    7.49825876956378e-07    1.65594588577881e+17    1.65594340243852e+17
851000    7.48608136050086e-07    1.75026618773687e+17    1.75026356721181e+17
852000    7.47391159077635e-07    1.84989378660062e+17    1.84989102141417e+17
853000    7.46174926144945e-07    1.95512357396432e+17    1.95512065623812e+17
854000    7.44959442473186e-07    2.06626661359395e+17    2.0662635350266e+17
855000    7.43744712638996e-07    2.18365101635015e+17    2.18364776819477e+17
856000    7.42530742701097e-07    2.3076228617797e+17    2.30761943482041e+17
857000    7.41317512597075e-07    2.43854716882857e+17    2.43854355335581e+17
858000    7.40105046372928e-07    2.57680891825618e+17    2.57680510404043e+17
859000    7.38893329450869e-07    2.72281412946414e+17    2.72281010572872e+17
860000    7.37682356870378e-07    2.87699099459293e+17    2.87698674998507e+17
861000    7.36472142208298e-07    3.03979107288702e+17    3.03978659544743e+17
862000    7.35262687455734e-07    3.21169054848419e+17    3.21168582561522e+17
863000    7.34053979952404e-07    3.39319155494718e+17    3.3931865733793e+17
864000    7.32846025060098e-07    3.58482357002661e+17    3.58481831578306e+17
865000    7.31638820365354e-07    3.78714488432416e+17    3.78713934268378e+17
866000    7.30432380314001e-07    4.000744147713e+17    4.00073830317113e+17
867000    7.29226670248543e-07    4.22624199757143e+17    4.22623583379916e+17
868000    7.28021731722448e-07    4.46429277309314e+17    4.46428627289356e+17
869000    7.26817535715756e-07    4.71558632015695e+17    4.71557946542028e+17
870000    7.25614102614329e-07    4.98084989146822e+17    4.98084266312362e+17
871000    7.24411410732048e-07    5.26085014692561e+17    5.26084252489138e+17
872000    7.23209477309423e-07    5.55639525942061e+17    5.556387222551e+17
873000    7.22008289572159e-07    5.86833713154319e+17    5.8683286575732e+17
874000    7.20807861871575e-07    6.19757372894698e+17    6.19756479443368e+17
875000    7.19608185037453e-07    6.54505153642095e+17    6.54504211668242e+17
876000    7.18409261261942e-07    6.91176814302303e+17    6.91175821207367e+17
877000    7.17211089854925e-07    7.29877496295517e+17    7.29876449343798e+17
878000    7.16013670443902e-07    7.7071800991997e+17    7.70716906231498e+17
879000    7.14817005466531e-07    8.13815135729377e+17    8.13813972272412e+17
880000    7.13621092381858e-07    8.59291941699409e+17    8.59290715282576e+17
881000    7.1242592907692e-07    9.07278116997805e+17    9.07276824261815e+17
882000    7.11231516704929e-07    9.5791032321407e+17    9.57908960623015e+17
883000    7.1003786695785e-07    1.01133256394816e+18    1.01133112778035e+18
884000    7.08844960229436e-07    1.06769657370313e+18    1.06769506004153e+18
885000    7.07652810766789e-07    1.12716222707453e+18    1.12716063179663e+18
886000    7.06461414781524e-07    1.18989796927978e+18    1.18989628804696e+18
887000    7.05270767909343e-07    1.25608126912311e+18    1.25607949736955e+18
888000    7.04080875274954e-07    1.32589909554747e+18    1.3258972284684e+18
889000    7.02891738118613e-07    1.39954841898272e+18    1.39954645152206e+18
890000    7.01703356499611e-07    1.47723673876016e+18    1.47723466559766e+18
891000    7.00515711878682e-07    1.55918263792812e+18    1.55918045346577e+18
892000    6.99328828627867e-07    1.64561636686981e+18    1.64561406521749e+18
893000    6.981426999919e-07    1.73678045719576e+18    1.73677803215625e+18
894000    6.96957324329229e-07    1.8329303674567e+18    1.83292781250999e+18
895000    6.95772702766494e-07    1.93433516230086e+18    1.93433247058752e+18
896000    6.94588824784302e-07    2.04127822678074e+18    2.04127539108462e+18
897000    6.9340571302859e-07    2.15405801760033e+18    2.15405503033013e+18
898000    6.92223340400021e-07    2.27298885318319e+18    2.2729857063535e+18
899000    6.91041724325193e-07    2.3984017445361e+18    2.39839842974703e+18
900000    6.8986086659546e-07    2.53064526898187e+18    2.53064177739801e+18
901000    6.88680758819163e-07    2.67008648893844e+18    2.67008281126659e+18
902000    6.8750139783882e-07    2.81711191803004e+18    2.81710804449594e+18
903000    6.86322796345134e-07    2.97212853693068e+18    2.97212445725434e+18
904000    6.8514494682124e-07    3.13556486145937e+18    3.13556056482948e+18
905000    6.83967846423233e-07    3.30787206557256e+18    3.30786754061939e+18
906000    6.82791500061826e-07    3.4895251620305e+18    3.48952039679751e+18
907000    6.81615909641997e-07    3.68102424365275e+18    3.68101922556679e+18
908000    6.80441071627378e-07    3.88289578822276e+18    3.88289050406281e+18
909000    6.79266985434145e-07    4.09569403025338e+18    4.09568846611769e+18
910000    6.78093649320047e-07    4.3200024029847e+18    4.31999654425628e+18
911000    6.76921064149702e-07    4.55643505415255e+18    4.556428885463e+18
912000    6.75749235812979e-07    4.80563843924159e+18    4.80563194443297e+18
913000    6.74578160625512e-07    5.06829299612035e+18    5.06828615820543e+18
914000    6.73407834110318e-07    5.34511490514872e+18    5.34510770626906e+18
915000    6.72238263685779e-07    5.63685793905024e+18    5.63685036043215e+18
916000    6.71069445673299e-07    5.94431540705363e+18    5.94430742896209e+18
917000    6.69901378239172e-07    6.2683221980302e+18    6.26831379972047e+18
918000    6.68734060930419e-07    6.60975692758664e+18    6.60974808725337e+18
919000    6.67567505685625e-07    6.96954419431716e+18    6.9695348890409e+18
920000    6.66401697893684e-07    7.34865695067475e+18    7.34864715636634e+18
921000    6.65236644937632e-07    7.7481189941903e+18    7.74810868553179e+18
922000    6.64072342367982e-07    8.16900758504888e+18    8.16899673543208e+18
923000    6.62908788567727e-07    8.61245619632841e+18    8.61244477779017e+18
924000    6.61745997212194e-07    9.07965740351459e+18    9.07964538666866e+18
925000    6.60583945312438e-07    9.57186592023026e+18    9.5718532741967e+18
926000    6.59422663148358e-07    1.00904017874568e+19    1.00903884797864e+19
927000    6.58262118335415e-07    1.06366537238821e+19    1.06366397204789e+19
928000    6.57102331621505e-07    1.12120826453809e+19    1.12120679104193e+19
929000    6.5594329984952e-07    1.18182253620271e+19    1.18182098578658e+19
930000    6.54785022060981e-07    1.24566984614447e+19    1.24566821485362e+19
931000    6.53627488322344e-07    1.3129202387735e+19    1.31291852245311e+19
932000    6.52470710680659e-07    1.38375257256677e+19    1.3837507668519e+19
933000    6.51314690204948e-07    1.45835497002943e+19    1.45835307033464e+19
934000    6.50159423889286e-07    1.53692529026364e+19    1.53692329177202e+19
935000    6.49004908606664e-07    1.61967162526202e+19    1.61966952291372e+19
936000    6.4785114112442e-07    1.70681282109691e+19    1.70681060957708e+19
937000    6.46698135383545e-07    1.79857902523356e+19    1.79857669895966e+19
938000    6.45545874310996e-07    1.89521226125488e+19    1.89520981436355e+19
939000    6.44394365834769e-07    1.99696703234771e+19    1.99696445868076e+19
940000    6.43243609299913e-07    2.10411095496584e+19    2.10410824805573e+19
941000    6.42093609781312e-07    2.21692542415359e+19    2.21692257720813e+19
942000    6.40944363412907e-07    2.33570631208517e+19    2.3357033179715e+19
943000    6.39795865397844e-07    2.46076470145036e+19    2.46076155267821e+19
944000    6.38648126403174e-07    2.59242765539548e+19    2.59242434409947e+19
945000    6.3750113291388e-07    2.73103902581106e+19    2.73103554373233e+19
946000    6.36354896901145e-07    2.8769603018438e+19    2.87695664031058e+19
947000    6.35209412056689e-07    3.03057150060072e+19    3.03056765050808e+19
948000    6.34064686797283e-07    3.19227210210792e+19    3.19226805389647e+19
949000    6.32920704009728e-07    3.36248203068558e+19    3.36247777431928e+19
950000    6.31777479940559e-07    3.54164268500414e+19    3.54163820994678e+19
951000    6.30635005374601e-07    3.73021801919564e+19    3.73021331438648e+19
952000    6.29493283724354e-07    3.92869567750741e+19    3.92869073133544e+19
953000    6.28352316302446e-07    4.13758818510473e+19    4.13758298538175e+19
954000    6.27212104953571e-07    4.3574341977532e+19    4.35742873168568e+19
955000    6.26072639081508e-07    4.58879981324262e+19    4.5887940674022e+19
956000    6.24933931192662e-07    4.83227994755004e+19    4.83227390784241e+19
957000    6.23795976142055e-07    5.08849977888311e+19    5.0884934305157e+19
958000    6.22658770161319e-07    5.35811626289428e+19    5.35810959034227e+19
959000    6.21522323409391e-07    5.64181972251295e+19    5.64181270948351e+19
960000    6.20386624231226e-07    5.94033551600681e+19    5.94032814540199e+19
961000    6.19251678497997e-07    6.25442578705488e+19    6.25441804093234e+19
962000    6.18117481060121e-07    6.58489130079471e+19    6.58488316032689e+19
963000    6.16984052991136e-07    6.93257336999377e+19    6.93256481542462e+19
964000    6.1585135880592e-07    7.29835587569196e+19    7.29834688629273e+19
965000    6.14719431346232e-07    7.6831673868679e+19    7.68315794088913e+19
966000    6.1358824843127e-07    8.08798338389696e+19    8.08797345851994e+19
967000    6.12457816982699e-07    8.51382859079456e+19    8.5138181620792e+19
968000    6.11328140234541e-07    8.96177942147375e+19    8.96176846430456e+19
969000    6.10199222713521e-07    9.43296654549317e+19    9.43295503352249e+19
970000    6.09071049044379e-07    9.92857757902915e+19    9.92856548461819e+19
971000    6.07943641799503e-07    1.04498599070762e+20    1.04498472012322e+20
972000    6.06816973954672e-07    1.09981236431629e+20    1.09981102954748e+20
973000    6.05691062073551e-07    1.1574744733164e+20    1.15747307117336e+20
974000    6.04565900757181e-07    1.21811682101019e+20    1.2181153481473e+20
975000    6.03441494391865e-07    1.28189116071514e+20    1.28188961362343e+20
976000    6.02317837637789e-07    1.34895685363996e+20    1.34895522863939e+20
977000    6.01194945075425e-07    1.41948124412707e+20    1.4194795373582e+20
978000    6.00072792044327e-07    1.49364005308897e+20    1.49363826050453e+20
979000    5.98951397993323e-07    1.57161779050508e+20    1.57161590786086e+20
980000    5.97830759109727e-07    1.6536081878859e+20    1.6536062107314e+20
981000    5.96710870148878e-07    1.73981465165368e+20    1.73981257532229e+20
982000    5.9559173912815e-07    1.83045073843315e+20    1.83044855803177e+20
983000    5.94473352203868e-07    1.92574065329197e+20    1.92573836369032e+20
984000    5.93355720205054e-07    2.02591977201928e+20    2.02591736783854e+20
985000    5.92238840926176e-07    2.13123518858101e+20    2.13123266418198e+20
986000    5.91122719999947e-07    2.24194628894368e+20    2.24194363841447e+20
987000    5.90007349922278e-07    2.35832535251393e+20    2.35832256965699e+20
988000    5.88892733957697e-07    2.48065818249838e+20    2.48065526081695e+20
989000    5.87778866399079e-07    2.60924476654961e+20    2.60924169923355e+20
990000    5.86665751270905e-07    2.74439996912645e+20    2.7443967490374e+20
991000    5.85553388722532e-07    2.8864542570637e+20    2.88645087671954e+20
992000    5.84441780615939e-07    3.03575445991474e+20    3.03575091147333e+20
993000    5.83330926960762e-07    3.19266456670322e+20    3.19266084194543e+20
994000    5.82220828159455e-07    3.35756656079534e+20    3.35756265110725e+20
995000    5.81111482624381e-07    3.53086129468303e+20    3.53085719103733e+20
996000    5.80002889598667e-07    3.71296940655087e+20    3.7129650994874e+20
997000    5.78895042418663e-07    3.90433228058583e+20    3.90432776019124e+20
998000    5.77787953425448e-07    4.10541305307891e+20    4.10540830896524e+20
999000    5.76681619796425e-07    4.31669766646181e+20    4.31669268774428e+20
