0    1    4.27827573977959e-05    4.27827573977959e-05
1000    1.04371097363577    4.46527445874097e-05    4.27826723253296e-05
2000    1.0893322904698    4.66039555822927e-05    4.27821299249229e-05
3000    1.13694671605851    4.86395110770891e-05    4.27808184764447e-05
4000    1.1866402442899    5.07627453622161e-05    4.2778546915534e-05
5000    1.23850230661803    5.29771981697088e-05    4.27752115491599e-05
6000    1.29262597471086    5.52866095514739e-05    4.27707709988118e-05
7000    1.34910815926462    5.76949172537472e-05    4.27652274263881e-05
8000    1.40804980726124    6.02062561647098e-05    4.27586125534973e-05
9000    1.46955609956748    6.28249594997347e-05    4.27509773313352e-05
10000    1.53373665047462    6.55555614564648e-05    4.27423843827285e-05
11000    1.60070571053707    6.84028011251259e-05    4.27329025409521e-05
12000    1.67058237387597    7.13716274820943e-05    4.27226029665948e-05
13000    1.74349079095977    7.44672053294781e-05    4.27115564450356e-05
14000    1.81956038775122    7.76949220721019e-05    4.26998315610313e-05
15000    1.89892609201387    8.10603952469668e-05    4.26874935195606e-05
16000    1.9817285674965    8.45694807398295e-05    4.26746034380811e-05
17000    2.06811445665654    8.82282816396703e-05    4.26612179783832e-05
18000    2.15823663254163    9.20431576950547e-05    4.26473892191613e-05
19000    2.25225446041744    9.60207353472348e-05    4.26331646955372e-05
20000    2.35033406971006    0.000100167918323716    4.26185875508636e-05
21000    2.45264863681811    0.000104491898783298    4.26036967605999e-05
22000    2.55937867934411    0.000109000169009603    4.25885273989764e-05
23000    2.67071236229436    0.000113700533655089    4.25731109273822e-05
24000    2.7868458168004    0.000118601122541701    4.25574754895725e-05
25000    2.9079834719234    0.000123710404027854    4.25416462033841e-05
26000    3.03433840011372    0.000129037198954431    4.25256454420492e-05
27000    3.1661326769124    0.000134590695185117    4.25094931007025e-05
28000    3.30359775549722    0.000140380462758656    4.24932068454949e-05
29000    3.4469748566951    0.000146416469672705    4.24768023440375e-05
30000    3.59651537510307    0.000152709098320785    4.24602934768238e-05
31000    3.75248130198222    0.000159269162605583    4.24436925299135e-05
32000    3.91514566561341    0.000166107925753434    4.24270103695897e-05
33000    4.08479298982898    0.000173237118856395    4.24102565999675e-05
34000    4.26171977146174    0.000180668960169746    4.23934397046894e-05
35000    4.44623497748139    0.000188416175194258    4.23765671739167e-05
36000    4.63866056261818    0.000196492017573972    4.23596456178433e-05
37000    4.83933200830552    0.000204910290841669    4.23426808679361e-05
38000    5.04859888380566    0.000213685371045663    4.23256780670572e-05
39000    5.26682543041747    0.000222832230293006    4.23086417495602e-05
40000    5.49439116970063    0.000232366461245678    4.22915759123752e-05
41000    5.73169153668832    0.000242304302607874    4.22744840780237e-05
42000    5.97913853909908    0.000252662665644044    4.22573693504206e-05
43000    6.23716144359925    0.000263459161768986    4.22402344642458e-05
44000    6.50620749020912    0.000274712131252919    4.22230818285952e-05
45000    6.78674263599029    0.000286440673086207    4.22059135655453e-05
46000    7.07925232919663    0.000298664676050191    4.21887315442087e-05
47000    7.38424231511915    0.000311404851042389    4.21715374107905e-05
48000    7.70223947490399    0.000324682764706298    4.21543326151054e-05
49000    8.03379269867411    0.000338520874417946    4.2137118433964e-05
50000    8.37947379433825    0.000352942564683464    4.21198959917909e-05
51000    8.73987843352641    0.000367972185004028    4.21026662787982e-05
52000    9.11562713614799    0.000383635089266773    4.20854301670007e-05
53000    9.5073662951292    0.000399957676722578    4.20681884243257e-05
54000    9.91576924294767    0.000416967434613995    4.20509417270427e-05
55000    10.3415373616474    0.000434692982519102    4.20336906707124e-05
56000    10.7854012380837    0.000453164118479622    4.20164357798282e-05
57000    11.2481218662176    0.000472411866984334    4.19991775163076e-05
58000    11.7304918983522    0.000492468528881595    4.19819162869693e-05
59000    12.2333369472776    0.000513367733297672    4.19646524501162e-05
60000    12.7575169413697    0.000535144491640585    4.1947386321333e-05
61000    13.3039275347703    0.000557835253772296    4.19301181785886e-05
62000    13.873501574859    0.000581477966435309    4.19128482667302e-05
63000    14.467210629316    0.000606112134023102    4.18955768014388e-05
64000    15.0860665751651    0.000631778881787339    4.18783039727123e-05
65000    15.7311232522829    0.000658521021578412    4.18610299479313e-05
66000    16.4034781839563    0.000686383120219646    4.1843754874559e-05
67000    17.1042743671745    0.00071541157061942    4.18264788825181e-05
68000    17.834702135446    0.00074565466572952    4.18092020862826e-05
69000    18.5960010970449    0.000777162675462287    4.17919245867212e-05
70000    19.3894621517007    0.00080998792668346    4.17746464727188e-05
71000    20.2164295888702    0.000844184886402249    4.1757367822605e-05
72000    21.0783032708494    0.000879810248284827    4.17400887054119e-05
73000    21.9765409041151    0.000916923022622411    4.17228091819817e-05
74000    22.9126604024188    0.000955584629890162    4.17055293059415e-05
75000    23.888242345292    0.000995858998038458    4.16882491245625e-05
76000    24.9049325357715    0.0010378126636636    4.16709686795162e-05
77000    25.9644446612967    0.0010815148772107    4.16536880075405e-05
78000    27.0685630618926    0.0011270377123675    4.16364071410261e-05
79000    28.2191456099094    0.0011744561798139    4.16191261085337e-05
80000    29.4181267057612    0.00122384834549858    4.16018449352487e-05
81000    30.6675203942776    0.00127529545362056    4.15845636433822e-05
82000    31.9694236064657    0.00132888205450047    4.15672822525242e-05
83000    33.3260195316688    0.00138469613753362    4.15500007799547e-05
84000    34.7395811252997    0.00144282926942415    4.15327192409176e-05
85000    36.2124747575356    0.00150337673790747    4.15154376488624e-05
86000    37.7471640085682    0.00156643770117614    4.14981560156567e-05
87000    39.3462136162238    0.00163211534323263    4.14808743517738e-05
88000    41.0122935819951    0.00170051703540103    4.1463592666458e-05
89000    42.7481834417644    0.00177175450423891    4.14463109678697e-05
90000    44.5567767077423    0.00184594400609956    4.14290292632142e-05
91000    46.4410854884007    0.00192320650860482    4.14117475588542e-05
92000    48.4042452934462    0.00200366787929847    4.139446586041e-05
93000    50.4495200311528    0.00208745908176073    4.13771841728468e-05
94000    52.5803072056601    0.0021747163794752    4.13599025005524e-05
95000    54.8001433221399    0.0022655815477507    4.13426208474054e-05
96000    57.112709508042    0.00236020209401239    4.1325339216835e-05
97000    59.52183735895    0.00245873148678813    4.13080576118745e-05
98000    62.0315150179122    0.00256132939372924    4.12907760352078e-05
99000    64.6458934974552    0.0026681619290173    4.12734944892105e-05
100000    67.3692932538481    0.00277940191052245    4.12562129759865e-05
101000    70.2062110235588    0.00289522912709254    4.12389314973999e-05
102000    73.1613269322262    0.00301583061636722    4.12216500551031e-05
103000    76.2395118868793    0.00314140095352588    4.1204368650562e-05
104000    79.4458352625461    0.0032721425513944    4.11870872850779e-05
105000    82.7855728948313    0.00340826597235163    4.11698059598066e-05
106000    86.2642153904893    0.00354999025249355    4.11525246757758e-05
107000    89.8874767684873    0.00369754323853078    4.11352434339002e-05
108000    93.6613034445363    0.00385116193791281    4.11179622349945e-05
109000    97.5918835725713    0.00401109288269181    4.11006810797855e-05
110000    101.685656757186    0.00417759250765799    4.10833999689221e-05
111000    105.949324151566    0.00435092754329906    4.10661189029846e-05
112000    110.389858956031    0.00453137542415738    4.10488378824928e-05
113000    115.014517332881    0.00471922471318027    4.10315569079131e-05
114000    119.83084975384    0.00491477554268172    4.10142759796646e-05
115000    124.846712797038    0.00511834007255719    4.09969950981249e-05
116000    130.070281411108    0.00533024296641778    4.09797142636349e-05
117000    135.51006166466    0.00555082188633539    4.09624334765026e-05
118000    141.174904000104    0.00578042800691673    4.09451527370081e-05
119000    147.074017011527    0.00601942654945156    4.09278720454055e-05
120000    153.216981767057    0.00626819733690858    4.09105914019271e-05
121000    159.613766697001    0.00652713537058214    4.08933108067852e-05
122000    166.27474306978    0.00679665142922315    4.0876030260175e-05
123000    173.210701078611    0.00707717269151934    4.0858749762276e-05
124000    180.432866562701    0.00736914338282305    4.08414693132544e-05
125000    187.952918387688    0.00767302544705831    4.08241889132643e-05
126000    195.783006510974    0.00798929924477478    4.08069085624495e-05
127000    203.935770758604    0.00831846427835258    4.07896282609442e-05
128000    212.424360341348    0.00866103994539999    4.07723480088746e-05
129000    221.262454138734    0.00901756632142561    4.07550678063594e-05
130000    230.464281780853    0.00938860497290735    4.07377876535112e-05
131000    240.044645558901    0.00977473980192315    4.07205075504367e-05
132000    250.018943196653    0.0101765779235524    4.07032274972379e-05
133000    260.40319151622    0.0105947505773021    4.06859474940122e-05
134000    271.214051032804    0.0110299140738611    4.06686675408532e-05
135000    282.468851514411    0.0114827507785309    4.06513876378511e-05
136000    294.185618543927    0.0119539701327382    4.06341077850931e-05
137000    306.38310112234    0.0124443097150812    4.06168279826638e-05
138000    319.080800353406    0.0129545363434211    4.05995482306454e-05
139000    332.298999251569    0.0134854472195844    4.05822685291183e-05
140000    346.058793716566    0.0140378711183022    4.05649888781607e-05
141000    360.382124719789    0.0146126696220717    4.05477092778496e-05
142000    375.291811749186    0.0152107384036919    4.05304297282604e-05
143000    390.811587561293    0.0158330085582873    4.05131502294674e-05
144000    406.966134290807    0.0164804479867049    4.04958707815438e-05
145000    423.781120970052    0.0171540628322383    4.0478591384562e-05
146000    441.283242512674    0.0178548989727075    4.04613120385933e-05
147000    459.500260217962    0.0185840435699978    4.04440327437086e-05
148000    478.461043854336    0.0193426266792414    4.04267534999781e-05
149000    498.195615382781    0.0201318229199054    4.04094743074714e-05
150000    518.735194383289    0.0209528532111365    4.03921951662578e-05
151000    540.112245249781    0.0218069865737992    4.03749160764061e-05
152000    562.360526221464    0.022695542001736    4.03576370379849e-05
153000    585.515140321138    0.0236198904048727    4.03403580510622e-05
154000    609.61258827366    0.0245814566268893    4.03230791157062e-05
155000    634.690823480528    0.02558172154028    4.03058002319847e-05
156000    660.789309129426    0.0266222242217291    4.02885213999651e-05
157000    687.949077520565    0.0277045642108399    4.02712426197152e-05
158000    716.212791694726    0.0288304038553683    4.02539638913022e-05
159000    745.624809451145    0.0300014707462262    4.02366852147936e-05
160000    776.231249846679    0.0312195602456466    4.02194065902566e-05
161000    808.080062271188    0.0324865381120245    4.02021280177584e-05
162000    841.22109819758    0.0338043432250789    4.01848494973662e-05
163000    875.706185708764    0.0351749904151205    4.01675710291473e-05
164000    911.589206907532    0.036600573400344    4.01502926131689e-05
165000    948.926178319432    0.0380832678362157    4.01330142494982e-05
166000    987.775334402818    0.0396253344811732    4.01157359382026e-05
167000    1028.19721428457    0.0412291224830147    4.00984576793493e-05
168000    1070.25475184442    0.0428970727905135    4.00811794730057e-05
169000    1114.01336927545    0.044631721694965    4.00639013192393e-05
170000    1159.54107425312    0.046435704506546    4.00466232181175e-05
171000    1206.90856085017    0.0483117593705467    4.00293451697079e-05
172000    1256.18931433981    0.0502627312287237    4.00120671740781e-05
173000    1307.45972003517    0.0522915759312158    3.99947892312958e-05
174000    1360.79917631817    0.0544013645046665    3.99775113414288e-05
175000    1416.29021201708    0.0565952875824043    3.99602335045451e-05
176000    1474.01860829787    0.0588766600027481    3.99429557207126e-05
177000    1534.07352524037    0.0612489255817302    3.99256779899993e-05
178000    1596.54763327724    0.0637156620667601    3.99084003124733e-05
179000    1661.53724967972    0.0662805862779932    3.98911226882031e-05
180000    1729.14248028158    0.0689475594444171    3.98738451172568e-05
181000    1799.46736663952    0.0717205927419278    3.9856567599703e-05
182000    1872.62003883574    0.0746038530409349    3.98392901356103e-05
183000    1948.71287413609    0.0776016688713107    3.98220127250472e-05
184000    2027.86266172524    0.080718536612789    3.98047353680826e-05
185000    2110.19077374843    0.0839591269192128    3.97874580647855e-05
186000    2195.82334289795    0.0873282913853423    3.97701808152246e-05
187000    2284.89144679151    0.0908310694652526    3.97529036194693e-05
188000    2377.53129939865    0.0944726956516805    3.97356264775886e-05
189000    2473.88444978093    0.0982586069260257    3.97183493896519e-05
190000    2574.0979884217    0.102194450489065    3.97010723557286e-05
191000    2678.32476143117    0.10628609178281    3.96837953758884e-05
192000    2786.72359292344    0.110539622814308    3.96665184502008e-05
193000    2899.45951587288    0.114961370792608    3.96492415787357e-05
194000    3016.70401176892    0.119557907090492    3.9631964761563e-05
195000    3138.63525939988    0.12433605654301    3.96146879987526e-05
196000    3265.43839310891    0.129302907095314    3.95974112903747e-05
197000    3397.3057708778    0.1344658198127    3.95801346364996e-05
198000    3534.43725260741    0.13983243926629    3.95628580371977e-05
199000    3677.04048897743    0.145410704308224    3.95455814925393e-05
200000    3825.33122128195    0.151208859250783    3.95283050025952e-05
201000    3979.53359265235    0.157235465464358    3.9511028567436e-05
202000    4139.88047109398    0.163499413409735    3.94937521871326e-05
203000    4306.61378477888    0.170009935120729    3.9476475861756e-05
204000    4479.98487005321    0.176776617153779    3.94591995913772e-05
205000    4660.25483263482    0.18380941402173    3.94419233760674e-05
206000    4847.69492249416    0.191118662129632    3.9424647215898e-05
207000    5042.58692292955    0.19871509423106    3.94073711109405e-05
208000    5245.22355436704    0.206609854424111    3.93900950612664e-05
209000    5455.90889343425    0.214814513706936    3.93728190669474e-05
210000    5674.95880787803    0.223341086113381    3.93555431280553e-05
211000    5902.7014079167    0.23220204545007    3.9338267244662e-05
212000    6139.47751463909    0.241410342657004    3.93209914168397e-05
213000    6385.64114608555    0.25097942381459    3.93037156446605e-05
214000    6641.56002166893    0.260923248820809    3.92864399281966e-05
215000    6907.61608561797    0.2712563107631    3.92691642675207e-05
216000    7184.20605015048    0.281993656010439    3.92518886627051e-05
217000    7471.7419591096    0.29315090505198    3.92346131138226e-05
218000    7770.65177282326    0.304744274109612    3.9217337620946e-05
219000    8081.37997497493    0.316790597552748    3.92000621841482e-05
220000    8404.38820230232    0.329307351144682    3.91827868035023e-05
221000    8740.15589797088    0.342312676150941    3.91655114790815e-05
222000    9089.18098949961    0.355825404341089    3.91482362109591e-05
223000    9451.9805921489    0.369865083916653    3.91309609992084e-05
224000    9829.09173871339    0.384452006398939    3.91136858439031e-05
225000    10221.072136697    0.399607234511774    3.90964107451169e-05
226000    10628.5009538831    0.415352631095451    3.90791357029236e-05
227000    11051.9796333502    0.431710889089434    3.9061860717397e-05
228000    11492.1327390199    0.448705562622773    3.90445857886114e-05
229000    11949.608832867    0.466361099252537    3.90273109166409e-05
230000    12425.081384958    0.484702873392032    3.90100361015598e-05
231000    12919.2497175321    0.503757220972069    3.89927613434426e-05
232000    13432.839984377    0.523551475380096    3.89754866423638e-05
233000    13966.6061868028    0.544114004723604    3.89582119983982e-05
234000    14521.3312275616    0.565474250465888    3.89409374116207e-05
235000    15097.8280041086    0.587662767483944    3.89236628821061e-05
236000    15696.9405426547    0.610711265600095    3.89063884099296e-05
237000    16319.5451745086    0.634652652640733    3.88891139951665e-05
238000    16966.5517562648    0.659521079077519    3.8871839637892e-05
239000    17638.9049354473    0.685351984308315    3.88545653381817e-05
240000    18337.5854632792    0.712182144637195    3.88372910961113e-05
241000    19063.6115563064    0.740049723014969    3.88200169117565e-05
242000    19818.0403086689    0.768994320603867    3.88027427851931e-05
243000    20601.9691568764    0.799057030232269    3.87854687164972e-05
244000    21416.5373990113    0.830280491807738    3.87681947057449e-05
245000    22262.9277703534    0.862708949759009    3.87509207530126e-05
246000    23142.3680774913    0.896388312580117    3.87336468583766e-05
247000    24056.1328930602    0.931366214552444    3.87163730219135e-05
248000    25005.5453133235    0.967692079723142    3.86990992437e-05
249000    25991.9787808939    1.00541718822118    3.86818255238129e-05
250000    27016.8589749752    1.04459474499516    3.86645518623292e-05
251000    28081.6657715878    1.08527995105994    3.86472782593258e-05
252000    29187.9352763333    1.12753007734237    3.86300047148802e-05
253000    30337.2619323422    1.17140454121941    3.86127312290695e-05
254000    31531.3007061468    1.21696498584536    3.85954578019714e-05
255000    32771.7693543165    1.2642753623683    3.85781844336635e-05
256000    34060.4507737976    1.3134020151394    3.85609111242234e-05
257000    35399.1954390027    1.36441377002229    3.85436378737291e-05
258000    36789.9239288059    1.41738202591373    3.85263646822587e-05
259000    38234.6295467113    1.47238084959045    3.85090915498903e-05
260000    39735.3810375814    1.52948707400118    3.84918184767022e-05
261000    41294.3254044306    1.5887804001273    3.84745454627729e-05
262000    42913.6908289161    1.65034350253945    3.8457272508181e-05
263000    44595.789699289    1.71426213878233    3.84399996130051e-05
264000    46343.0217496998    1.78062526272431    3.84227267773241e-05
265000    48157.8773148951    1.84952514201346    3.84054540012171e-05
266000    50042.9407044837    1.92105747978637    3.83881812847632e-05
267000    52000.8937011009    1.99532154078145    3.83709086280416e-05
268000    54034.5191869533    2.07242028201361    3.83536360311318e-05
269000    56146.7049033857    2.1524604881729    3.83363634941133e-05
270000    58340.4473482784    2.23555291191501    3.83190910170657e-05
271000    60618.8558162533    2.32181241921788    3.83018186000691e-05
272000    62985.1565868435    2.41135813998441    3.82845462432033e-05
273000    65442.697265966    2.50431362407776    3.82672739465484e-05
274000    67994.9512862262    2.60080700298207    3.82500017101847e-05
275000    70645.5225717772    2.70097115728846    3.82327295341926e-05
276000    73398.150373665    2.80494389021266    3.82154574186526e-05
277000    76256.7142817938    2.91286810735852    3.81981853636455e-05
278000    79225.2394198705    3.02489200294833    3.81809133692521e-05
279000    82307.9018299071    3.14116925274929    3.81636414355532e-05
280000    85509.0340530955    3.2618592139329    3.81463695626301e-05
281000    88833.1309141104    3.38712713211276    3.8129097750564e-05
282000    92284.855516143    3.51714435581435    3.81118259994362e-05
283000    95869.04545423    3.65208855863964    3.80945543093284e-05
284000    99590.7192547068    3.79214396939808    3.80772826803222e-05
285000    103455.08304889    3.93750161048533    3.80600111124995e-05
286000    107467.537489387    4.08835954480058    3.80427396059421e-05
287000    111633.684917708    4.24492313150355    3.80254681607324e-05
288000    115959.336792196    4.40740529092269    3.80081967769524e-05
289000    120450.521385561    4.57602677893674    3.79909254546847e-05
290000    125113.49176168    4.75101647116336    3.79736541940118e-05
291000    129954.734041627    4.93261165729949    3.79563829950163e-05
292000    134980.975969271    5.12105834597065    3.79391118577813e-05
293000    140199.195787121    5.31661158045827    3.79218407823895e-05
294000    145616.63143351    5.51953576568723    3.79045697689243e-05
295000    151240.790072547    5.73010500686864    3.78872988174688e-05
296000    157079.457968712    5.94860346020695    3.78700279281066e-05
297000    163140.710718372    6.17532569609419    3.78527571009212e-05
298000    169432.923850908    6.41057707522896    3.78354863359964e-05
299000    175964.783812612    6.65467413811282    3.78182156334161e-05
300000    182745.299346965    6.90794500839224    3.78009449932642e-05
301000    189783.813285378    7.17072981053049    3.77836744156251e-05
302000    197090.014762977    7.44338110231046    3.7766403900583e-05
303000    204673.951874526    7.72626432268651    3.77491334482224e-05
304000    212546.044786086    8.0197582555216    3.7731863058628e-05
305000    220717.099318598    8.32425550976381    3.77145927318845e-05
306000    229198.321020086    8.640163016636    3.76973224680769e-05
307000    238001.329743812    8.96790254443142    3.76800522672903e-05
308000    247138.174750274    9.30791123152905    3.766278212961e-05
309000    256621.3503516    9.66064213826269    3.76455120551213e-05
310000    266463.812117506    10.0265648183004    3.76282420439099e-05
311000    276678.993662665    10.4061659102128    3.76109720960613e-05
312000    287280.824036034    10.7999497499314    3.75937022116615e-05
313000    298283.745733389    11.2084390048242    3.75764323907965e-05
314000    309702.73335504    11.6321753301377    3.75591626335524e-05
315000    321553.312931507    12.071720048582    3.75418929400156e-05
316000    333851.581940679    12.5276548538626    3.75246233102726e-05
317000    346614.230040818    13.0005825389872    3.75073537444099e-05
318000    359858.560544617    13.4911277502077    3.74900842425144e-05
319000    373602.512660387    13.9999377674832    3.7472814804673e-05
320000    387864.684527336    14.5276833123836    3.74555454309729e-05
321000    402664.357072878    15.0750593843811    3.74382761215012e-05
322000    418021.518720824    15.6427861265123    3.74210068763454e-05
323000    433956.890980343    16.2316097214238    3.74037376955931e-05
324000    450491.954946598    16.8423033188528    3.7386468579332e-05
325000    467648.978745017    17.4756679956242    3.73691995276499e-05
326000    485451.045952298    18.1325337492889    3.7351930540635e-05
327000    503922.085028345    18.8137605265595    3.73346616183754e-05
328000    523086.899794529    19.5202392877451    3.73173927609595e-05
329000    542971.200994908    20.2528931084223    3.73001239684759e-05
330000    563601.638978254    21.012678319624    3.72828552410131e-05
331000    585005.837540087    21.8005856878716    3.726558657866e-05
332000    607212.428965215    22.6176416364188    3.72483179815058e-05
333000    630251.090312725    23.4649095091222    3.72310494496394e-05
334000    654152.580986751    24.3434908784034    3.72137809831503e-05
335000    678948.78163788    25.2545268988138    3.71965125821279e-05
336000    704672.734441573    26.1991997077663    3.71792442466619e-05
337000    731358.684801563    27.1787338750505    3.7161975976842e-05
338000    759042.12452786    28.194397902801    3.71447077727584e-05
339000    787759.836540656    29.2475057776476    3.7127439634501e-05
340000    817549.941153217    30.3394185768299    3.71101715621603e-05
341000    848451.943988628    31.4715461301237    3.70929035558266e-05
342000    880506.785587166    32.6453487394848    3.70756356155906e-05
343000    913756.892762986    33.8623389583806    3.70583677415432e-05
344000    948246.231770824    35.1240834328488    3.70410999337751e-05
345000    984020.363345499    36.4322048063863    3.70238321923777e-05
346000    1021126.49967911    37.7883836908448    3.70065645174421e-05
347000    1059613.56340308    39.1943607055832    3.69892969090598e-05
348000    1099532.24864439    40.6519385871987    3.69720293673225e-05
349000    1140935.08422794    42.1629843722399    3.69547618923219e-05
350000    1183876.499099    43.729431655384    3.693749448415e-05
351000    1228412.89004269    45.3532829256412    3.69202271428989e-05
352000    1274602.69177987    47.0366119832399    3.6902959868661e-05
353000    1322506.4495212    48.7815664399284    3.68856926615286e-05
354000    1372186.89406454    50.5903703055263    3.68684255215943e-05
355000    1423709.01952315    52.4653266636484    3.68511584489511e-05
356000    1477140.1637755    54.4088204396239    3.68338914436919e-05
357000    1532550.09173033    56.4233212637333    3.68166245059098e-05
358000    1590011.08150404    58.5113864329901    3.67993576356981e-05
359000    1649598.01361036    60.6756639748003    3.67820908331502e-05
360000    1711388.46326621    62.9188958159445    3.67648240983599e-05
361000    1775462.79592055    65.2439210604415    3.67475574314209e-05
362000    1841904.26611713    67.6536793799706    3.67302908324273e-05
363000    1910799.11980546    70.1512145206513    3.67130243014732e-05
364000    1982236.70021841    72.7396779301052    3.6695757838653e-05
365000    2056309.55743865    75.4223325088546    3.66784914440611e-05
366000    2133113.56178042    78.2025564902479    3.66612251177923e-05
367000    2212748.02111726    81.0838474532378    3.66439588599414e-05
368000    2295315.8022908    84.0698264724845    3.66266926706034e-05
369000    2380923.4567402    87.1642424104014    3.66094265498736e-05
370000    2469681.35049666    90.3709763559138    3.65921604978472e-05
371000    2561703.79869197    93.6940462148602    3.657489451462e-05
372000    2657109.2047355    97.1376114571259    3.65576286002876e-05
373000    2756020.20431877    100.705978025768    3.65403627549458e-05
374000    2858563.81441244    104.403603413562    3.65230969786909e-05
375000    2964871.58742589    108.235101912587    3.65058312716191e-05
376000    3075079.77070524    112.205250042631    3.64885656338268e-05
377000    3189329.47155174    116.318992164421    3.64713000654105e-05
378000    3307766.82794829    120.581446283841    3.64540345664672e-05
379000    3430543.18518837    124.997910053539    3.64367691370939e-05
380000    3557815.27860793    129.573866978508    3.64195037773875e-05
381000    3689745.42262774    134.314992832456    3.64022384874455e-05
382000    3826501.70632039    139.227162291996    3.63849732673654e-05
383000    3968258.19572337    144.316455795932    3.63677081172449e-05
384000    4115195.14312707    149.589166637128    3.63504430371819e-05
385000    4267499.20357425    155.051808294715    3.63331780272743e-05
386000    4425363.65881508    160.711122014643    3.63159130876205e-05
387000    4588988.64897036    166.574084646833    3.62986482183188e-05
388000    4758581.41216375    172.647916747466    3.62813834194679e-05
389000    4934356.53239249    178.940090955215    3.62641186911666e-05
390000    5116536.19591503    185.458340650522    3.62468540335138e-05
391000    5305350.45644343    192.210668907323    3.62295894466086e-05
392000    5501037.5094377    199.205357746904    3.62123249305504e-05
393000    5703843.97580914    206.450977703917    3.61950604854387e-05
394000    5914025.19535013    213.956397714902    3.61777961113733e-05
395000    6131845.5302181    221.730795339978    3.61605318084539e-05
396000    6357578.67881229    229.783667328749    3.61432675767807e-05
397000    6591508.00039329    238.124840541791    3.61260034164539e-05
398000    6833926.85080666    246.764483239487    3.61087393275741e-05
399000    7085138.92968416    255.713116750328    3.60914753102417e-05
400000    7345458.6395081    264.981627531231    3.60742113645576e-05
401000    7615211.45693744    274.581279632783    3.60569474906229e-05
402000    7894734.31680707    284.523727582779    3.60396836885388e-05
403000    8184376.00922554    294.82102970183    3.60224199584065e-05
404000    8484497.59021024    305.485661865274    3.60051563003278e-05
405000    8795472.80631375    316.53053172608    3.59878927144043e-05
406000    9117688.53370991    327.9689934139    3.59706292007381e-05
407000    9451545.23222343    339.814862725937    3.59533657594312e-05
408000    9797457.41480297    352.082432825765    3.5936102390586e-05
409000    10155854.1329539    364.786490466805    3.5918839094305e-05
410000    10527179.4786642    377.942332757642    3.5901575870691e-05
411000    10911893.1033733    391.565784486986    3.58843127198468e-05
412000    11310470.7545543    405.673216026579    3.58670496418756e-05
413000    11723404.830495    420.281561831019    3.58497866368806e-05
414000    12151204.9538857    435.408339554002    3.58325237049653e-05
415000    12594398.5648399    451.07166980117    3.58152608462335e-05
416000    13053531.5339943    467.290296540376    3.5797998060789e-05
417000    13529168.7963572    484.083608190832    3.57807353487359e-05
418000    14021895.0065942    501.471659413321    3.57634727101784e-05
419000    14532315.2164648    519.475193624343    3.57462101452211e-05
420000    15061055.5751435    538.115666257812    3.57289476539685e-05
421000    15608764.0531883    557.415268798656    3.57116852365256e-05
422000    16176111.1909376    577.396953613476    3.56944228929974e-05
423000    16763790.872148    598.084459604205    3.56771606234891e-05
424000    17372521.1237076    619.502338711542    3.56598984281062e-05
425000    18003044.9422895    641.67598329578    3.56426363069544e-05
426000    18656131.1488369    664.631654423559    3.56253742601394e-05
427000    19332575.2717991    688.396511089939    3.56081122877674e-05
428000    20033200.460071    712.998640406155    3.55908503899446e-05
429000    20758858.4266149    738.467088784381    3.55735885667774e-05
430000    21510430.4237804    764.831894151801    3.55563268183726e-05
431000    22288828.2513652    792.124119227347    3.55390651448369e-05
432000    23094995.2984994    820.375885895495    3.55218035462774e-05
433000    23929907.6204665    849.620410712609    3.55045420228013e-05
434000    24794575.051612    879.892041582455    3.54872805745162e-05
435000    25690042.3555275    911.226295638672    3.54700192015297e-05
436000    26617390.4137377    943.65989837315    3.54527579039495e-05
437000    27577737.4541543    977.230824050553    3.5435496681884e-05
438000    28572240.3206058    1011.97833745044    3.54182355354412e-05
439000    29602095.7847896    1047.94303697982    3.54009744647296e-05
440000    30668541.9020416    1085.16689920018    3.53837134698581e-05
441000    31772859.4123576    1123.69332481468    3.53664525509354e-05
442000    32916373.1881521    1163.56718616238    3.53491917080706e-05
443000    34100453.730285    1204.83487626792    3.53319309413731e-05
444000    35326518.7139356    1247.54435949673    3.53146702509523e-05
445000    36596034.5859573    1291.74522386736    3.52974096369181e-05
446000    37910518.2153932    1337.48873507384    3.52801490993802e-05
447000    39271538.5988938    1384.82789227334    3.5262888638449e-05
448000    40680718.6228272    1433.81748569529    3.52456282542346e-05
449000    42139736.8839335    1484.51415613056    3.52283679468477e-05
450000    43650329.5704333    1536.97645636085    3.5211107716399e-05
451000    45214292.4055619    1591.26491459024    3.51938475629996e-05
452000    46833482.6555617    1647.44209994305    3.51765874867606e-05
453000    48509821.2042336    1705.57269009396    3.51593274877934e-05
454000    50245294.6962127    1765.72354109842    3.51420675662097e-05
455000    52041957.7512034    1827.96375949378    3.51248077221213e-05
456000    53901935.2514811    1892.36477674318    3.51075479556401e-05
457000    55827424.70504    1959.00042609731    3.50902882668786e-05
458000    57820698.6868435    2027.94702195066    3.5073028655949e-05
459000    59884107.3607108    2099.28344177188    3.50557691229643e-05
460000    62020081.0844553    2173.09121069014    3.50385096680372e-05
461000    64231133.1009712    2249.45458882168    3.50212502912808e-05
462000    66519862.3180542    2328.46066142404    3.50039909928086e-05
463000    68888956.1798262    2410.1994319672    3.4986731772734e-05
464000    71341193.6327284    2494.76391821475    3.49694726311708e-05
465000    73879448.1891403    2582.25025141004    3.49522135682331e-05
466000    76506691.0917772    2672.75777866603    3.4934954584035e-05
467000    79225994.5821225    2766.38916866017    3.49176956786909e-05
468000    82040535.27625    2863.25052073893    3.49004368523156e-05
469000    84953597.6514998    2963.45147753981    3.48831781050239e-05
470000    87968577.6475822    3067.10534124199    3.48659194369308e-05
471000    91088986.3857924    3174.32919356039    3.48486608481517e-05
472000    94318454.0101412    3285.24401960104    3.48314023388021e-05
473000    97660733.6543216    3399.97483569986    3.48141439089978e-05
474000    101119705.538557    3518.65082137027    3.47968855588548e-05
475000    104699381.200508    3641.40545548911    3.47796272884892e-05
476000    108403907.864533    3768.37665685437    3.47623690980174e-05
477000    112237572.953759    3899.7069292523    3.47451109875562e-05
478000    116204808.749524    4035.54351117562    3.47278529572224e-05
479000    120310197.202927    4176.03853033913    3.47105950071332e-05
480000    124558474.903358    4321.34916314328    3.46933371374057e-05
481000    128954538.209022    4471.63779924106    3.46760793481577e-05
482000    133503448.544655    4627.07221136829    3.46588216395068e-05
483000    138210437.87177    4787.82573060221    3.46415640115711e-05
484000    143080914.336939    4954.07742721858    3.46243064644688e-05
485000    148120468.103809    5126.01229732237    3.46070489983185e-05
486000    153334877.374713    5303.82145543284    3.45897916132387e-05
487000    158730114.607918    5487.70233320903    3.45725343093484e-05
488000    164312352.936739    5677.85888450763    3.45552770867668e-05
489000    170087972.796977    5874.50179697091    3.45380199456132e-05
490000    176063568.769278    6077.84871034849    3.45207628860074e-05
491000    182245956.643275    6288.12444176295    3.45035059080691e-05
492000    188642180.710559    6505.56121813565    3.44862490119183e-05
493000    195259521.29374    6730.39891599581    3.44689921976756e-05
494000    202105502.519113    6962.88530890262    3.44517354654613e-05
495000    209187900.340644    7203.27632271715    3.44344788153963e-05
496000    216514750.823257    7451.83629896815    3.44172222476017e-05
497000    224094358.693639    7708.83826656301    3.43999657621986e-05
498000    231935306.167028    7974.56422210316    3.43827093593085e-05
499000    240046462.058742    8249.3054190706    3.43654530390533e-05
500000    248436991.189433    8533.36266616077    3.43481968015548e-05
501000    257116364.093365    8827.0466350451    3.43309406469352e-05
502000    266094367.039299    9130.67817785517    3.43136845753171e-05
503000    275381112.373838    9444.58865468924    3.42964285868231e-05
504000    284987049.197422    9769.12027145123    3.4279172681576e-05
505000    294922974.383459    10104.6264283413    3.42619168596992e-05
506000    305200043.951411    10451.4720793268    3.42446611213159e-05
507000    315829784.804978    10810.0341029332    3.42274054665499e-05
508000    326824106.846881    11180.7016847029    3.4210149895525e-05
509000    338195315.482081    11563.8767116826    3.41928944083654e-05
510000    349956124.521661    11959.9741793095    3.41756390051954e-05
511000    362119669.49994    12369.4226110771    3.41583836861397e-05
512000    374699521.417821    12792.6644913751    3.41411284513231e-05
513000    387709700.925718    13230.1567119077    3.41238733008707e-05
514000    401164692.959871    13682.3710321063    3.41066182349078e-05
515000    415079461.84625    14149.7945539691    3.40893632535602e-05
516000    429469466.886689    14632.9302117663    3.40721083569535e-05
517000    444350678.442352    15132.2972770708    3.4054853545214e-05
518000    459739594.530086    15648.4318795802    3.40375988184679e-05
519000    475653257.947688    16181.8875442165    3.40203441768419e-05
520000    492109273.944619    16733.2357449997    3.40030896204628e-05
521000    509125828.455194    17303.0664762092    3.39858351494576e-05
522000    526721706.91179    17891.9888413607    3.39685807639538e-05
523000    544916313.656168    18500.6316605429    3.39513264640788e-05
524000    563729691.967541    19129.6440966746    3.39340722499606e-05
525000    583182544.726599    19779.6963012581    3.39168181217273e-05
526000    603296255.735281    20451.4800802249    3.38995640795071e-05
527000    624092911.712693    21145.7095804831    3.38823101234287e-05
528000    645595324.988186    21863.1219977996    3.3865056253621e-05
529000    667827056.913247    22604.4783066633    3.3847802470213e-05
530000    690812442.014524    23370.5640127984    3.38305487733341e-05
531000    714576612.910977    24162.1899290171    3.3813295163114e-05
532000    739145526.018837    24980.1929751177    3.37960416396825e-05
533000    764545988.068794    25825.437002559    3.37787882031698e-05
534000    790805683.460555    26698.8136446625    3.37615348537063e-05
535000    817953202.480689    27601.2431931142    3.37442815914225e-05
536000    846018070.410452    28533.675501563    3.37270284164494e-05
537000    875030777.551105    29497.0909171364    3.37097753289182e-05
538000    905022810.195037    30492.5012407147    3.36925223289604e-05
539000    936026682.571927    31520.9507168366    3.36752694167075e-05
540000    968075969.799976    32583.5170541264    3.36580165922916e-05
541000    1001205341.87321    33681.3124771672    3.36407638558449e-05
542000    1035450598.71681    34815.484810767    3.36235112074998e-05
543000    1070848706.34321    35987.218597592    3.36062586473891e-05
544000    1107437834.14307    37197.7362501756    3.35890061756458e-05
545000    1145257393.34575    38448.2992383331    3.35717537924032e-05
546000    1184348076.68539    39740.2093130505    3.35545014977948e-05
547000    1224751899.3096    41074.8097679407    3.35372492919545e-05
548000    1266512240.96878    42453.4867393968    3.35199971750162e-05
549000    1309673889.5255    43877.6705466029    3.35027451471143e-05
550000    1354283085.82429    45348.837072598    3.34854932083835e-05
551000    1400387569.96349    46868.5091876236    3.34682413589586e-05
552000    1448036629.01215    48438.25821602    3.34509895989747e-05
553000    1497281146.21617    50059.7054479763    3.34337379285673e-05
554000    1548173651.73908    51734.5236974744    3.34164863478721e-05
555000    1600768374.98455    53464.4389078072    3.3399234857025e-05
556000    1655121298.54867    55251.2318060933    3.33819834561622e-05
557000    1711290213.85196    57096.7396082495    3.33647321454203e-05
558000    1769334778.50212    59002.8577759254    3.3347480924936e-05
559000    1829316575.44041    60971.5418269503    3.33302297948464e-05
560000    1891299173.9258    63004.8092008853    3.33129787552887e-05
561000    1955348192.41299    65104.7411813207    3.32957278064007e-05
562000    2021531363.38177    67273.4848766066    3.32784769483202e-05
563000    2089918600.17703    69513.2552607542    3.32612261811853e-05
564000    2160582065.92047    71826.337276293    3.32439755051345e-05
565000    2233596244.55703    74215.0880009258    3.32267249203064e-05
566000    2309038014.10048    76681.9388798716    3.32094744268401e-05
567000    2386986722.14515    79229.3980258436    3.31922240248749e-05
568000    2467524263.7122    81860.0525886671    3.31749737145503e-05
569000    2550735161.5012    84576.5711965973    3.31577234960061e-05
570000    2636706648.61982    87381.7064714585    3.31404733693824e-05
571000    2725528753.86632    90278.2976197867    3.31232233348197e-05
572000    2817294389.64229    93269.2731022204    3.31059733924585e-05
573000    2912099442.57476    96357.6533834497    3.308872354244e-05
574000    3010042866.9295    99546.5537651002    3.30714737849053e-05
575000    3111226780.8998    102839.187303996    3.30542241199959e-05
576000    3215756565.85709    106238.867818314    3.30369745478538e-05
577000    3323740968.65285    109749.012984229    3.30197250686209e-05
578000    3435292207.06346    113373.147525687    3.30024756824397e-05
579000    3550526078.47255    117114.906500073    3.29852263894529e-05
580000    3669562071.88806    120978.038682573    3.29679771898034e-05
581000    3792523483.39432    124966.410052125    3.29507280836346e-05
582000    3919537535.142    129084.00738195    3.29334790710899e-05
583000    4050735497.98223    133334.941937728    3.29162301523132e-05
584000    4186252817.85395    137723.453286556    3.28989813274486e-05
585000    4326229246.03704    142253.913219956    3.28817325966406e-05
586000    4470808973.38678    146930.829794245    3.28644839600339e-05
587000    4620140768.66881    151758.851491717    3.28472354177735e-05
588000    4774378121.1172    156742.771506153    3.28299869700047e-05
589000    4933679387.34155    161887.532156293    3.28127386168732e-05
590000    5098207942.71326    167198.229431007    3.27954903585247e-05
591000    5268132337.36427    172680.117669994    3.27782421951056e-05
592000    5443626456.93598    178338.614383968    3.27609941267623e-05
593000    5624869688.21974    184179.305218381    3.27437461536417e-05
594000    5812047089.8346    190207.949064868    3.27264982758908e-05
595000    6005349568.09206    196430.483324698    3.2709250493657e-05
596000    6204974058.20221    202853.029328655    3.2692002807088e-05
597000    6411123710.97975    209481.897917884    3.26747552163318e-05
598000    6624008085.21333    216323.595190376    3.26575077215368e-05
599000    6843843345.86617    223384.828417887    3.26402603228515e-05
600000    7070852468.28085    230672.512138229    3.26230130204248e-05
601000    7305265448.56614    238193.774428019    3.2605765814406e-05
602000    7547319520.34906    245955.963361088    3.25885187049445e-05
603000    7797259378.08032    253966.653657932    3.25712716921902e-05
604000    8055337407.08704    262233.653531714    3.25540247762933e-05
605000    8321813920.57209    270765.011736489    3.25367779574041e-05
606000    8596957403.76523    279569.024823498    3.25195312356735e-05
607000    8881044765.43695    288654.244611505    3.25022846112524e-05
608000    9174361596.99233    298029.485877365    3.24850380842923e-05
609000    9477202439.36818    307703.83427314    3.24677916549448e-05
610000    9789871057.96317    317686.654476303    3.24505453233619e-05
611000    10112680725.8376    327987.598579696    3.2433299089696e-05
612000    10445954515.426    338616.614728166    3.24160529540996e-05
613000    10790025599.012    349583.956008919    3.23988069167257e-05
614000    11145237558.2244    360900.189602902    3.23815609777275e-05
615000    11511944702.8172    372576.206204672    3.23643151372587e-05
616000    11890512399.0079    384623.229718439    3.2347069395473e-05
617000    12281317407.6523    397052.827238212    3.23298237525246e-05
618000    12684748232.5457    409876.919320129    3.23125782085682e-05
619000    13101205479.1452    423107.790555368    3.22953327637585e-05
620000    13531102224.0192    436758.100452178    3.22780874182506e-05
621000    13974864395.3375    450840.894635881    3.22608421722001e-05
622000    14432931164.7228    465369.616375895    3.22435970257628e-05
623000    14905755350.7984    480358.118449105    3.22263519790947e-05
624000    15393803834.7701    495820.675349146    3.22091070323524e-05
625000    15897557988.3945    511771.99585145    3.21918621856925e-05
626000    16417514114.6953    528227.235944174    3.21746174392722e-05
627000    16954183901.7969    545202.012135384    3.21573727932489e-05
628000    17508094890.2581    562712.415147203    3.21401282477804e-05
629000    18079790954.2976    580775.024007877    3.21228838030247e-05
630000    18669832797.316    599406.920553055    3.21056394591401e-05
631000    19278798462.1275    618625.704347865    3.20883952162855e-05
632000    19907283856.3299    638449.508041699    3.20711510746199e-05
633000    20555903293.2501    658897.013167955    3.20539070343027e-05
634000    21225290048.9173    679987.466401294    3.20366630954936e-05
635000    21916096935.5276    701740.696285354    3.20194192583526e-05
636000    22628996891.8772    724177.130444185    3.20021755230402e-05
637000    23364683591.2541    747317.813291054    3.19849318897171e-05
638000    24123872067.2936    771184.424248632    3.19676883585443e-05
639000    24907299358.3148    795799.296494973    3.19504449296832e-05
640000    25715725170.6737    821185.436250065    3.19332016032956e-05
641000    26549932561.6772    847366.542618175    3.19159583795435e-05
642000    27410728642.6259    874367.028001581    3.18987152585893e-05
643000    28298945302.5617    902212.03910176    3.18814722405958e-05
644000    29215439953.3177    930927.478524492    3.1864229325726e-05
645000    30161096296.4816    960540.02700583    3.18469865141434e-05
646000    31136825112.9036    991077.166276313    3.18297438060117e-05
647000    32143565075.394    1022567.20258131    3.18125012014951e-05
648000    33182283585.2778    1055039.29087582    3.1795258700758e-05
649000    34253977633.4882    1088523.45971265    3.17780163039652e-05
650000    35359674686.9039    1123050.6368432    3.17607740112819e-05
651000    36500433600.6506    1158652.67555093    3.17435318228735e-05
652000    37677345557.1122    1195362.38173782    3.17262897389059e-05
653000    38891535032.4122    1233213.54178479    3.17090477595453e-05
654000    40144160791.1524    1272240.95120775    3.16918058849582e-05
655000    41436416910.2144    1312480.44413136    3.16745641153115e-05
656000    42769533832.4526    1353968.92360317    3.16573224507724e-05
657000    44144779451.1321    1396744.39277162    3.16400808915085e-05
658000    45563460225.9858    1440845.98695183    3.16228394376879e-05
659000    47026922331.7915    1486314.00660373    3.16055980894786e-05
660000    48536552840.3937    1533189.95124803    3.15883568470495e-05
661000    50093780937.1217    1581516.55434579    3.15711157105696e-05
662000    51700079172.5792    1631337.8191684    3.15538746802081e-05
663000    53356964750.8105    1682699.0556853    3.15366337561348e-05
664000    55066000854.876    1735646.9184977    3.15193929385198e-05
665000    56828798010.8952    1790229.44584697    3.15021522275335e-05
666000    58647015491.6479    1846496.09972758    3.14849116233468e-05
667000    60522362760.8539    1904497.80713493    3.14676711261308e-05
668000    62456600959.2802    1964287.00247939    3.14504307360569e-05
669000    64451544433.859    2025917.67119864    3.14331904532972e-05
670000    66509062311.0308    2089445.39460133    3.14159502780238e-05
671000    68631080115.5605    2154927.39597587    3.13987102104094e-05
672000    70819581436.1098    2222422.58799913    3.13814702506269e-05
673000    73076609638.8827    2291991.62148072    3.13642303988498e-05
674000    75404269630.698    2363696.93547956    3.13469906552516e-05
675000    77804729672.881    2437602.80883027    3.13297510200065e-05
676000    80280223247.4009    2513775.41311804    3.1312511493289e-05
677000    82833050976.7255    2592282.86714165    3.12952720752738e-05
678000    85465582598.8987    2673195.29290527    3.12780327661362e-05
679000    88180258999.3917    2756584.87318096    3.12607935660518e-05
680000    90979594301.32    2842525.91068456    3.12435544751964e-05
681000    93866178015.661    2931094.8889092    3.12263154937465e-05
682000    96842677253.153    3022370.53466151    3.12090766218786e-05
683000    99911838999.6001    3116433.88234697    3.119183785977e-05
684000    103076492456.358    3213368.34005196    3.1174599207598e-05
685000    106339551447.82    3313259.75747151    3.11573606655404e-05
686000    109704016897.772    3416196.49573279    3.11401222337755e-05
687000    113172979376.545    3522269.49916592    3.11228839124818e-05
688000    116749621720.931    3631572.36907493    3.11056457018384e-05
689000    120437221728.889    3744201.43956311    3.10884076020246e-05
690000    124239154931.135    3860255.85546843    3.107116961322e-05
691000    128158897441.74    3979837.65246618    3.10539317356049e-05
692000    132200028889.936    4103051.83939747    3.10366939693598e-05
693000    136366235435.398    4230006.48288372    3.10194563146655e-05
694000    140661312869.3    4360812.79428904    3.10022187717033e-05
695000    145089169803.536    4495585.21909366    3.09849813406549e-05
696000    149653830950.549    4634441.52874372    3.09677440217024e-05
697000    154359440496.276    4777502.91504392    3.09505068150282e-05
698000    159210265568.78    4924894.08716168    3.09332697208151e-05
699000    164210699805.228    5076743.371313    3.09160327392465e-05
700000    169365267019.919    5233182.81320219    3.08987958705058e-05
701000    174678624976.165    5394348.28328946    3.08815591147773e-05
702000    180155569264.883    5560379.58496226    3.08643224722452e-05
703000    185801037292.839    5731420.56568831    3.08470859430944e-05
704000    191620112383.575    5907619.23123022    3.08298495275102e-05
705000    197618027994.11    6089127.86300373    3.08126132256781e-05
706000    203800172050.608    6276103.13866376    3.07953770377842e-05
707000    210172091406.285    6468706.25600446    3.07781409640148e-05
708000    216739496424.904    6667103.06026197    3.07609050045569e-05
709000    223508265693.313    6871464.17491065    3.07436691595976e-05
710000    230484450866.569    7081965.13604605    3.07264334293245e-05
711000    237674281649.272    7298786.53045022    3.07091978139258e-05
712000    245084170916.851    7522114.13743741    3.06919623135899e-05
713000    252720719980.624    7752139.07458093    3.06747269285055e-05
714000    260590724000.568    7989057.94742423    3.0657491658862e-05
715000    268701177549.842    8233073.00328216    3.06402565048491e-05
716000    277059280335.193    8484392.2892411    3.06230214666567e-05
717000    285672443077.513    8743229.8144692    3.06057865444756e-05
718000    294548293556.905    9009805.71695122    3.05885517384964e-05
719000    303694682826.752    9284346.43476498    3.05713170489106e-05
720000    313119691601.37    9567084.88201975    3.05540824759099e-05
721000    322831636821.998    9858260.62957998    3.05368480196865e-05
722000    332839078405.941    10158120.0907006    3.05196136804329e-05
723000    343150826183.866    10466916.7117039    3.05023794583421e-05
724000    353775947030.355    10784911.1678306    3.04851453536076e-05
725000    364723772192.938    11112371.564402    3.04679113664232e-05
726000    376003904825.019    11449573.643433    3.04506774969831e-05
727000    387626227728.185    11796800.9958391    3.0433443745482e-05
728000    399600911309.592    12154345.2793852    3.04162101121151e-05
729000    411938421760.223    12522506.4425262    3.03989765970779e-05
730000    424649529460.005    12901592.9542952    3.03817432005663e-05
731000    437745317615.897    13291922.0403969    3.03645099227766e-05
732000    451237191139.245    13693819.9256702    3.03472767639059e-05
733000    465136885768.852    14107622.0830848    3.03300437241512e-05
734000    479456477446.385    14533673.4894457    3.03128108037103e-05
735000    494208391950.909    14972328.8879779    3.02955780027813e-05
736000    509405414799.521    15423953.0579738    3.02783453215627e-05
737000    525060701421.244    15888921.0916861    3.02611127602536e-05
738000    541187787611.505    16367618.6786556    3.02438803190533e-05
739000    557800600274.753    16860442.3976682    3.02266479981616e-05
740000    574913468462.914    17367800.0165395    3.0209415797779e-05
741000    592541134717.645    17890110.7999302    3.01921837181062e-05
742000    610698766724.489    18427805.8254024    3.01749517593442e-05
743000    629401969287.312    18981328.3079299    3.01577199216948e-05
744000    648666796631.555    19551133.933082    3.01404882053599e-05
745000    668509765045.106    20137691.199107    3.01232566105422e-05
746000    688947865865.8    20741481.7681445    3.01060251374445e-05
747000    709998578824.793    21363000.8268042    3.00887937862704e-05
748000    731679885755.298    22002757.4563526    3.00715625572235e-05
749000    754010284676.415    22661275.0127571    3.00543314505083e-05
750000    777008804262.042    23339091.5168415    3.00371004663295e-05
751000    800695018705.096    24036760.0548137    3.00198696048922e-05
752000    825089062987.572    24754849.1894343    3.00026388664022e-05
753000    850211648567.195    25493943.3820988    2.99854082510655e-05
754000    876084079491.729    26254643.4261158    2.99681777590888e-05
755000    902728268952.284    27037566.8914686    2.9950947390679e-05
756000    930166756287.244    27843348.5813552    2.99337171460436e-05
757000    958422724448.757    28672641.0008108    2.99164870253906e-05
758000    987520017944.01    29526114.83772    2.98992570289284e-05
759000    1017483161263.84    30404459.4565399    2.98820271568659e-05
760000    1048337377811.58    31308383.4050576    2.98647974094124e-05
761000    1080108609345.29    32238614.9345155    2.98475677867776e-05
762000    1112823535946.92    33195902.5334491    2.98303382891719e-05
763000    1146509596532.42    34181015.4755842    2.98131089168059e-05
764000    1181195009916.76    35194744.3821555    2.97958796698909e-05
765000    1216908796448.79    36237901.799013    2.97786505486386e-05
766000    1253680800230.63    37311322.7888935    2.9761421553261e-05
767000    1291541711937.18    38415865.5392451    2.97441926839709e-05
768000    1330523092251.29    39552411.985997    2.97269639409812e-05
769000    1370657395930.96    40721868.4536849    2.97097353245055e-05
770000    1411977996524.89    41925166.3123432    2.9692506834758e-05
771000    1454519211753.58    43163262.651593    2.9675278471953e-05
772000    1498316329573.23    44437140.97236    2.96580502363057e-05
773000    1543405634940.43    45747811.8966705    2.96408221280314e-05
774000    1589824437295.77    47096313.8959828    2.96235941473461e-05
775000    1637611098785.38    48483714.0385233    2.96063662944663e-05
776000    1686805063239.35    49911108.7561069    2.95891385696088e-05
777000    1737446885927.06    51379624.6309358    2.95719109729912e-05
778000    1789578264109.42    52890419.202879    2.95546835048312e-05
779000    1843242068408.86    54444681.7977508    2.95374561653474e-05
780000    1898482375018.35    56043634.3771151    2.95202289547584e-05
781000    1955344498771.16    57688532.4101609    2.95030018732838e-05
782000    2013875027093.83    59380665.7682003    2.94857749211434e-05
783000    2074121854865.08    61121359.6423611    2.94685480985575e-05
784000    2136134220204.37    62911975.4850537    2.9451321405747e-05
785000    2199962741213.98    64753911.9758116    2.94340948429332e-05
786000    2265659453699.38    66648606.0121129    2.9416868410338e-05
787000    2333277849893.22    68597533.7258132    2.93996421081837e-05
788000    2402872918208.79    70602211.5258265    2.93824159366932e-05
789000    2474501184049.51    72664197.1677128    2.93651898960898e-05
790000    2548220751701.83    74785090.8508452    2.93479639865973e-05
791000    2624091347339.32    76966536.3438424    2.93307382084401e-05
792000    2702174363166.6    79210222.1389745    2.93135125618431e-05
793000    2782532902732.53    81517882.6362623    2.92962870470316e-05
794000    2865231827442.57    83891299.3580098    2.92790616642315e-05
795000    2950337804301.25    86332302.1945274    2.92618364136693e-05
796000    3037919354916.29    88842770.6818208    2.92446112955717e-05
797000    3128046905796.67    91424635.3120394    2.92273863101662e-05
798000    3220792839977.92    94079878.8774973    2.92101614576808e-05
799000    3316231550008.51    96810537.8490987    2.91929367383439e-05
800000    3414439492332.31    99618703.7900211    2.91757121523844e-05
801000    3515495243102.56    102506524.805527    2.91584877000319e-05
802000    3619479555464.29    105476207.029798    2.91412633815163e-05
803000    3726475418342.28    108530016.150712    2.91240391970682e-05
804000    3836568116773.3    111670278.973482    2.91068151469186e-05
805000    3949845293821.71    114899385.024144    2.90895912312991e-05
806000    4066397014118.94    118219788.193845    2.90723674504418e-05
807000    4186315829068.05    121634008.424959    2.90551438045793e-05
808000    4309696843755.76    125144633.440045    2.90379202939448e-05
809000    4436637785615.31    128754320.514713    2.9020696918772e-05
810000    4567239074884.48    132465798.29546    2.9003473679295e-05
811000    4701603896904.59    136281868.663593    2.89862505757487e-05
812000    4839838276306.72    140205408.646368    2.89690276083684e-05
813000    4982051153133.3    144239372.376485    2.89518047773898e-05
814000    5128354460943.8    148386793.101151    2.89345820830495e-05
815000    5278863206954.77    152650785.241889    2.89173595255841e-05
816000    5433695554265.62    157034546.506362    2.89001371052312e-05
817000    5592972906222.7    161541360.053464    2.88829148222289e-05
818000    5756819992975.68    166174596.712984    2.88656926768156e-05
819000    5925364960281.41    170937717.261164    2.88484706692304e-05
820000    6098739460611.85    175834274.753527    2.8831248799713e-05
821000    6277078746624.06    180867916.916354    2.88140270685035e-05
822000    6460521767051.58    186042388.598232    2.87968054758427e-05
823000    6649211265077.94    191361534.283152    2.87795840219718e-05
824000    6843293879254.75    196829300.666627    2.87623627071328e-05
825000    7042920247027.99    202449739.296365    2.87451415315679e-05
826000    7248245110937.91    208227009.279068    2.87279204955202e-05
827000    7459427427559.45    214165380.05494    2.87106995992332e-05
828000    7676630479251.72    220269234.241562    2.86934788429509e-05
829000    7900021988786.74    226543070.548779    2.8676258226918e-05
830000    8129774236929.21    232991506.766348    2.86590377513797e-05
831000    8366064183041.14    239619282.826067    2.86418174165816e-05
832000    8609073588786.47    246431263.940202    2.86245972227703e-05
833000    8858989145013.2    253432443.818034    2.86073771701925e-05
834000    9116002601891.68    260627947.962409    2.85901572590958e-05
835000    9380310902390.45    268023037.048217    2.85729374897281e-05
836000    9652116319172.22    275623110.384752    2.85557178623381e-05
837000    9931626594995.02    283433709.463974    2.8538498377175e-05
838000    10219055086705.4    291460521.596734    2.85212790344886e-05
839000    10514620912912.7    299709383.639055    2.85040598345291e-05
840000    10818549105435.7    308186285.810626    2.84868407775476e-05
841000    11131070764614.3    316897375.607717    2.84696218637954e-05
842000    11452423218582.9    325848961.812763    2.84524030935248e-05
843000    11782850186602.1    335047518.602919    2.84351844669884e-05
844000    12122601946549.9    344499689.759953    2.84179659844394e-05
845000    12471935506673.8    354212292.983874    2.84007476461318e-05
846000    12831114781710.5    364192324.312775    2.83835294523198e-05
847000    13200410773478    374446962.651407    2.83663114032586e-05
848000    13580101756053.5    384983574.411063    2.83490934992039e-05
849000    13970473465646.5    395809718.263416    2.83318757404117e-05
850000    14371819295284.8    406933150.011008    2.8314658127139e-05
851000    14784440494429.5    418361827.577143    2.82974406596431e-05
852000    15208646373641.9    430103916.118026    2.82802233381821e-05
853000    15644754514424    442167793.260016    2.82630061630145e-05
854000    16093090984360.3    454562054.464949    2.82457891343997e-05
855000    16553990557690.1    467295518.526569    2.82285722525974e-05
856000    17027796941443.5    480377233.201127    2.8211355517868e-05
857000    17514863007275.7    493816480.975329    2.81941389304727e-05
858000    18015551029140.1    507622784.974845    2.8176922490673e-05
859000    18530232926940.4    521805915.016699    2.81597061987313e-05
860000    19059290516309.9    536375893.808897    2.81424900549103e-05
861000    19603115764663.8    551343003.30076    2.81252740594737e-05
862000    20162111053680.5    566717791.187483    2.81080582126855e-05
863000    20736689448364.4    582511077.572537    2.80908425148105e-05
864000    21327274972852.4    598733961.791597    2.80736269661139e-05
865000    21934302893126.8    615397829.401775    2.80564115668619e-05
866000    22558220006800.9    632514359.340008    2.8039196317321e-05
867000    23199484940150.1    650095531.254555    2.80219812177584e-05
868000    23858568452562.3    668153633.013631    2.8004766268442e-05
869000    24535953748586.8    686701268.395287    2.79875514696403e-05
870000    25232136797766.3    705751364.962776    2.79703368216224e-05
871000    25947626662438.3    725317182.129695    2.7953122324658e-05
872000    26682945833698.1    745412319.4193    2.79359079790176e-05
873000    27438630575720.6    766050724.92252    2.79186937849722e-05
874000    28215231278641.4    787246703.959247    2.79014797427935e-05
875000    29013312820202    809014927.947621    2.78842658527537e-05
876000    29833454936371.2    831370443.486117    2.78670521151259e-05
877000    30676252601156.3    854328681.65333    2.78498385301836e-05
878000    31542316415825.7    877905467.530514    2.78326250982012e-05
879000    32432273007766.9    902117029.951977    2.78154118194533e-05
880000    33346765439211.3    926980011.488602    2.77981986942158e-05
881000    34286453626061.2    952511478.66984    2.77809857227647e-05
882000    35252014767060.9    978728932.449669    2.77637729053768e-05
883000    36244143783556.7    1005650318.92212    2.77465602423298e-05
884000    37263553770101    1033294040.29208    2.77293477339018e-05
885000    38310976456156.5    1061678966.10724    2.77121353803716e-05
886000    39387162679165.7    1090824444.75717    2.76949231820187e-05
887000    40492882869255.1    1120750315.2456    2.76777111391233e-05
888000    41628927545851.6    1151476919.24219    2.76604992519662e-05
889000    42796107826492.6    1183025113.42013    2.76432875208289e-05
890000    43995255948119.1    1215416282.08617    2.76260759459936e-05
891000    45227225801148.3    1248672350.10955    2.76088645277432e-05
892000    46492893476627.3    1282815796.15696    2.7591653266361e-05
893000    47793157826777.4    1317869666.24009    2.75744421621313e-05
894000    49128941039245.1    1353857587.58324    2.7557231215339e-05
895000    50501189225384.4    1390803782.818    2.75400204262697e-05
896000    51910873022899.8    1428733084.51255    2.75228097952096e-05
897000    53358988213189.1    1467670950.04307    2.75055993224455e-05
898000    54846556353732.1    1507643476.81512    2.74883890082651e-05
899000    56374625425878.6    1548677417.84275    2.74711788529567e-05
900000    57944270498398.3    1590800197.69356    2.74539688568093e-05
901000    59556594407161.6    1634039928.80787    2.74367590201125e-05
902000    61212728451330.2    1678425428.2005    2.74195493431567e-05
903000    62913833106444.8    1723986234.55371    2.7402339826233e-05
904000    64661098754804.2    1770752625.71015    2.73851304696332e-05
905000    66455746433541.7    1818755636.57479    2.73679212736496e-05
906000    68299028600811.7    1868027077.43504    2.73507122385755e-05
907000    70192229920509.1    1918599552.70837    2.73335033647048e-05
908000    72136668065953.9    1970506480.12707    2.7316294652332e-05
909000    74133694542984    2023782110.36993    2.72990861017524e-05
910000    76184695532906.1    2078461547.15085    2.72818777132621e-05
911000    78291092755769.1    2134580767.77445    2.72646694871576e-05
912000    80454344354430    2192176644.16935    2.72474614237366e-05
913000    82675945799896.5    2251286964.40955    2.72302535232971e-05
914000    84957430818440.3    2311950454.73486    2.72130457861379e-05
915000    87300372340984    2374206802.08154    2.71958382125587e-05
916000    89706383475278.7    2438096677.13436    2.71786308028598e-05
917000    92177118501399.4    2503661757.91184    2.71614235573423e-05
918000    94714273891097.1    2570944753.89625    2.71442164763078e-05
919000    97319589351558.1    2639989430.72073    2.7127009560059e-05
920000    99994848894133.9    2710840635.42562    2.71098028088989e-05
921000    102741881928618    2783544322.29672    2.70925962231317e-05
922000    105562564383656    2858147579.29833    2.7075389803062e-05
923000    108458819853894    2934698655.11408    2.70581835489952e-05
924000    111432620774474    3013246986.80918    2.70409774612376e-05
925000    114485989623508    3093843228.12748    2.7023771540096e-05
926000    117621000153178    3176539278.4376    2.70065657858781e-05
927000    120839778650107    3261388312.34217    2.69893601988925e-05
928000    124144505225675    3348444809.96491    2.69721547794482e-05
929000    127537415136974    3437764587.93023    2.69549495278551e-05
930000    131020800139092    3529404831.0508    2.6937744444424e-05
931000    134597009869440    3623424124.73823    2.69205395294662e-05
932000    138268453264870    3719882488.15305    2.69033347832941e-05
933000    142037600012302    3818841408.10983    2.68861302062205e-05
934000    145906982033660    3920363873.75412    2.68689257985592e-05
935000    149879195005859    4024514412.02789    2.68517215606247e-05
936000    153956899916674    4131359123.94083    2.68345174927322e-05
937000    158142824657284    4240965721.66477    2.68173135951978e-05
938000    162439765652325    4353403566.46944    2.68001098683383e-05
939000    166850589528316    4468743707.51748    2.67829063124712e-05
940000    171378234821312    4587058921.53768    2.67657029279149e-05
941000    176025713724677    4708423753.39518    2.67484997149886e-05
942000    180796113877885    4832914557.57825    2.67312966740122e-05
943000    185692600197279    4960609540.62136    2.67140938053063e-05
944000    190718416749716    5091588804.48479    2.66968911091926e-05
945000    195876888670095    5225934390.91141    2.66796885859933e-05
946000    201171424123728    5363730326.78172    2.66624862360314e-05
947000    206605516314577    5505062670.48861    2.66452840596308e-05
948000    212182745540388    5650019559.35369    2.66280820571163e-05
949000    217906781295765    5798691258.1078    2.66108802288132e-05
950000    223781384424270    5951170208.45828    2.65936785750479e-05
951000    229810409320647    6107551079.76645    2.65764770961475e-05
952000    235997806184279    6267930820.859    2.65592757924397e-05
953000    242347623325041    6432408712.99759    2.65420746642534e-05
954000    248864009522710    6601086424.03142    2.6524873711918e-05
955000    255551216441128    6774068063.75801    2.65076729357638e-05
956000    262413601098344    6951460240.51784    2.64904723361221e-05
957000    269455628393972    7133372119.04939    2.64732719133246e-05
958000    276681873695055    7319915479.63109    2.64560716677043e-05
959000    284097025481714    7511204778.53783    2.64388715995948e-05
960000    291705888053934    7707357209.83971    2.64216717093303e-05
961000    299513384300823    7908492768.57157    2.64044719972464e-05
962000    307524558533743    8114734315.30245    2.63872724636789e-05
963000    315744579384720    8326207642.13442    2.63700731089649e-05
964000    324178742771580    8543041540.16119    2.63528739334421e-05
965000    332832474931289    8765367868.4171    2.63356749374491e-05
966000    341711335522998    8993321624.34824    2.63184761213254e-05
967000    350821020802333    9227041015.83739    2.63012774854112e-05
968000    360167366868501    9466667534.81591    2.62840790300478e-05
969000    369756352985818    9712346032.49553    2.6266880755577e-05
970000    379594104981286    9964224796.25442    2.62496826623418e-05
971000    389686898719905    10222455628.212    2.62324847506858e-05
972000    400041163659417    10487193925.5279    2.62152870209536e-05
973000    410663486486219    10758598762.4616    2.61980894734906e-05
974000    421560614834243    11036832974.2286    2.61808921086431e-05
975000    432739461088597    11322063242.6918    2.61636949267583e-05
976000    444207106275834    11614460183.9257    2.6146497928184e-05
977000    455970804042736    11914198437.6922    2.61293011132693e-05
978000    468037984725552    12221456758.8687    2.61121044823639e-05
979000    480416259511647    12536418110.8683    2.60949080358185e-05
980000    493113424695595    12859269761.0941    2.60777117739845e-05
981000    506137466031752    13190203378.4687    2.60605156972143e-05
982000    519496563185420    13529415133.0837    2.60433198058613e-05
983000    533199094284736    13877105798.0112    2.60261241002796e-05
984000    547253640575473    14233480853.3235    2.60089285808242e-05
985000    561668991180982    14598750592.3658    2.59917332478512e-05
986000    576454147969554    14973130230.3282    2.59745381017174e-05
987000    591618330531522    15356840015.1656    2.59573431427805e-05
988000    607170981268482    15750105340.9124    2.59401483713991e-05
989000    623121770597037    16153156863.4419    2.59229537879329e-05
990000    639480602269550    16566230618.7209    2.59057593927423e-05
991000    656257618814421    16989568143.6101    2.58885651861886e-05
992000    673463207098458    17423416599.263    2.58713711686343e-05
993000    691108004013963    17868028897.1761    2.58541773404423e-05
994000    709202902293225    18323663827.9448    2.5836983701977e-05
995000    727759056453138    18790586192.7802    2.58197902536033e-05
996000    746787888872742    19269066937.8433    2.58025969956871e-05
997000    766301096006532    19759383291.4538    2.57854039285954e-05
998000    786310654736432    20261818904.2319    2.5768211052696e-05
999000    806828828865412    20776663992.2337    2.57510183683576e-05
