0
1
2
3
4
5
5.99999999999999
6.99999999999999
7.99999999999999
8.99999999999998
9.99999999999998
11
12
13
14
15
16
17
18
19
20
21
22
23.0000000000001
24.0000000000001
25.0000000000001
26.0000000000001
27.0000000000001
28.0000000000001
29.0000000000001
30.0000000000002
31.0000000000002
32.0000000000002
33.0000000000002
34.0000000000002
35.0000000000002
36.0000000000002
37.0000000000003
38.0000000000003
39.0000000000003
40.0000000000003
41.0000000000003
42.0000000000003
43.0000000000003
44.0000000000004
45.0000000000004
46.0000000000004
47.0000000000004
48.0000000000004
49.0000000000004
50.0000000000004
51.0000000000005
52.0000000000005
53.0000000000005
54.0000000000005
55.0000000000005
56.0000000000005
57.0000000000005
58.0000000000006
59.0000000000006
60.0000000000006
61.0000000000006
62.0000000000006
63.0000000000006
64.0000000000006
65.0000000000006
66.0000000000005
67.0000000000005
68.0000000000004
69.0000000000004
70.0000000000003
71.0000000000002
72.0000000000002
73.0000000000001
74.0000000000001
75
76
76.9999999999999
77.9999999999998
78.9999999999998
79.9999999999997
80.9999999999997
81.9999999999996
82.9999999999996
83.9999999999995
84.9999999999994
85.9999999999994
86.9999999999993
87.9999999999993
88.9999999999992
89.9999999999992
90.9999999999991
91.999999999999
92.999999999999
93.9999999999989
94.9999999999989
95.9999999999988
96.9999999999988
97.9999999999987
98.9999999999986
99.9999999999986
100.999999999999
101.999999999998
102.999999999998
103.999999999998
104.999999999998
105.999999999998
106.999999999998
107.999999999998
108.999999999998
109.999999999998
110.999999999998
111.999999999998
112.999999999998
113.999999999998
114.999999999998
115.999999999998
116.999999999998
117.999999999998
118.999999999998
119.999999999997
120.999999999997
121.999999999997
122.999999999997
123.999999999997
124.999999999997
125.999999999997
126.999999999997
127.999999999997
128.999999999997
129.999999999997
130.999999999997
131.999999999997
132.999999999997
133.999999999997
134.999999999997
135.999999999997
136.999999999997
137.999999999996
138.999999999996
139.999999999996
140.999999999996
141.999999999996
142.999999999996
143.999999999996
144.999999999996
145.999999999996
146.999999999996
147.999999999996
148.999999999996
149.999999999996
150.999999999996
151.999999999996
152.999999999996
153.999999999996
154.999999999995
155.999999999995
156.999999999995
157.999999999995
158.999999999995
159.999999999995
160.999999999995
161.999999999995
162.999999999995
163.999999999995
164.999999999995
165.999999999995
166.999999999995
167.999999999995
168.999999999995
169.999999999995
170.999999999995
171.999999999995
172.999999999994
173.999999999994
174.999999999994
175.999999999994
176.999999999994
177.999999999994
178.999999999994
179.999999999994
180.999999999994
181.999999999994
182.999999999994
183.999999999994
184.999999999994
185.999999999994
186.999999999994
187.999999999994
188.999999999994
189.999999999993
190.999999999993
191.999999999993
192.999999999993
193.999999999993
194.999999999993
195.999999999993
196.999999999993
197.999999999993
198.999999999993
199.999999999993
200.999999999993
201.999999999993
202.999999999993
203.999999999993
204.999999999993
205.999999999993
206.999999999993
207.999999999992
208.999999999992
209.999999999992
210.999999999992
211.999999999992
212.999999999992
213.999999999992
214.999999999992
215.999999999992
216.999999999992
217.999999999992
218.999999999992
219.999999999992
220.999999999992
221.999999999992
222.999999999992
223.999999999992
224.999999999992
225.999999999991
226.999999999991
227.999999999991
228.999999999991
229.999999999991
230.999999999991
231.999999999991
232.999999999991
233.999999999991
234.999999999991
235.999999999991
236.999999999991
237.999999999991
238.999999999991
239.999999999991
240.999999999991
241.999999999991
242.99999999999
243.99999999999
244.99999999999
245.99999999999
246.99999999999
247.99999999999
248.99999999999
249.99999999999
250.99999999999
251.99999999999
252.99999999999
253.99999999999
254.99999999999
255.99999999999
256.99999999999
257.99999999999
258.99999999999
259.999999999991
260.999999999991
261.999999999991
262.999999999991
263.999999999992
264.999999999992
265.999999999992
266.999999999992
267.999999999992
268.999999999993
269.999999999993
270.999999999993
271.999999999993
272.999999999994
273.999999999994
274.999999999994
275.999999999994
276.999999999994
277.999999999995
278.999999999995
279.999999999995
280.999999999995
281.999999999996
282.999999999996
283.999999999996
284.999999999996
285.999999999997
286.999999999997
287.999999999997
288.999999999997
289.999999999997
290.999999999998
291.999999999998
292.999999999998
293.999999999998
294.999999999999
295.999999999999
296.999999999999
297.999999999999
298.999999999999
300
301
302
303
304.000000000001
305.000000000001
306.000000000001
307.000000000001
308.000000000002
309.000000000002
310.000000000002
311.000000000002
312.000000000002
313.000000000003
314.000000000003
315.000000000003
316.000000000003
317.000000000004
318.000000000004
319.000000000004
320.000000000004
321.000000000004
322.000000000005
323.000000000005
324.000000000005
325.000000000005
326.000000000006
327.000000000006
328.000000000006
329.000000000006
330.000000000007
331.000000000007
332.000000000007
333.000000000007
334.000000000007
335.000000000008
336.000000000008
337.000000000008
338.000000000008
339.000000000009
340.000000000009
341.000000000009
342.000000000009
343.000000000009
344.00000000001
345.00000000001
346.00000000001
347.00000000001
348.000000000011
349.000000000011
350.000000000011
351.000000000011
352.000000000012
353.000000000012
354.000000000012
355.000000000012
356.000000000012
357.000000000013
358.000000000013
359.000000000013
360.000000000013
361.000000000014
362.000000000014
363.000000000014
364.000000000014
365.000000000014
366.000000000015
367.000000000015
368.000000000015
369.000000000015
370.000000000016
371.000000000016
372.000000000016
373.000000000016
374.000000000017
375.000000000017
376.000000000017
377.000000000017
378.000000000017
379.000000000018
380.000000000018
381.000000000018
382.000000000018
383.000000000019
384.000000000019
385.000000000019
386.000000000019
387.000000000019
388.00000000002
389.00000000002
390.00000000002
391.00000000002
392.000000000021
393.000000000021
394.000000000021
395.000000000021
396.000000000022
397.000000000022
398.000000000022
399.000000000022
400.000000000022
401.000000000023
402.000000000023
403.000000000023
404.000000000023
405.000000000024
406.000000000024
407.000000000024
408.000000000024
409.000000000024
410.000000000025
411.000000000025
412.000000000025
413.000000000025
414.000000000026
415.000000000026
416.000000000026
417.000000000026
418.000000000027
419.000000000027
420.000000000027
421.000000000027
422.000000000027
423.000000000028
424.000000000028
425.000000000028
426.000000000028
427.000000000029
428.000000000029
429.000000000029
430.000000000029
431.00000000003
432.00000000003
433.00000000003
434.00000000003
435.00000000003
436.000000000031
437.000000000031
438.000000000031
439.000000000031
440.000000000032
441.000000000032
442.000000000032
443.000000000032
444.000000000032
445.000000000033
446.000000000033
447.000000000033
448.000000000033
449.000000000034
450.000000000034
451.000000000034
452.000000000034
453.000000000035
454.000000000035
455.000000000035
456.000000000035
457.000000000035
458.000000000036
459.000000000036
460.000000000036
461.000000000036
462.000000000037
463.000000000037
464.000000000037
465.000000000037
466.000000000037
467.000000000038
468.000000000038
469.000000000038
470.000000000038
471.000000000039
472.000000000039
473.000000000039
474.000000000039
475.00000000004
476.00000000004
477.00000000004
478.00000000004
479.00000000004
480.000000000041
481.000000000041
482.000000000041
483.000000000041
484.000000000042
485.000000000042
486.000000000042
487.000000000042
488.000000000042
489.000000000043
490.000000000043
491.000000000043
492.000000000043
493.000000000044
494.000000000044
495.000000000044
496.000000000044
497.000000000045
498.000000000045
499.000000000045
500.000000000045
501.000000000045
502.000000000046
503.000000000046
504.000000000046
505.000000000046
506.000000000047
507.000000000047
508.000000000047
509.000000000047
510.000000000047
511.000000000048
512.000000000048
