0    0    8.87771721530216e-41    8.87771721530216e-41
0.1    -5.39780706286362e-15    8.87771721530216e-41    8.87771721530225e-41
0.2    -6.7759705682756e-15    8.87771721530216e-41    8.87771721530228e-41
0.3    -4.01964355745164e-15    8.87771721530216e-41    8.87771721530223e-41
0.4    -2.35436265507882e-15    8.87771721530216e-41    8.8777172153022e-41
0.5    -9.64714453788387e-15    8.87771721530216e-41    8.87771721530233e-41
0.6    -3.10086788717698e-15    8.87771721530216e-41    8.87771721530221e-41
0.7    -4.01964355745164e-15    8.87771721530216e-41    8.87771721530223e-41
0.8    -7.23535840341292e-15    8.87771721530216e-41    8.87771721530229e-41
0.9    1.8949748199415e-15    8.87771721530216e-41    8.87771721530212e-41
1    -6.89081752705993e-15    8.87771721530216e-41    8.87771721530228e-41
1.1    -8.84321582639356e-15    8.87771721530216e-41    8.87771721530231e-41
1.2    2.46920961386316e-15    8.87771721530216e-41    8.87771721530211e-41
1.3    -9.30260366153088e-15    8.87771721530216e-41    8.87771721530232e-41
1.4    1.8949748199415e-15    8.87771721530216e-41    8.87771721530212e-41
1.5    -7.69474623855024e-15    8.87771721530216e-41    8.87771721530229e-41
1.6    -3.38798528413781e-15    8.87771721530216e-41    8.87771721530222e-41
1.7    -8.78579234700139e-15    8.87771721530216e-41    8.87771721530231e-41
1.8    -5.05326618651062e-15    8.87771721530216e-41    8.87771721530225e-41
1.9    6.89081752705998e-16    8.87771721530216e-41    8.87771721530215e-41
2    -8.0967105942954e-15    8.87771721530216e-41    8.8777172153023e-41
2.1    1.60785742298066e-15    8.87771721530216e-41    8.87771721530213e-41
2.2    -7.69474623855024e-15    8.87771721530216e-41    8.87771721530229e-41
2.3    5.34038358347151e-15    8.87771721530216e-41    8.87771721530206e-41
2.4    -5.79977141860878e-15    8.87771721530216e-41    8.87771721530226e-41
2.5    3.04344440778483e-15    8.87771721530216e-41    8.8777172153021e-41
2.6    -8.61352190882489e-15    8.87771721530216e-41    8.87771721530231e-41
2.7    1.2058930672355e-15    8.87771721530216e-41    8.87771721530214e-41
2.8    -4.01964355745164e-15    8.87771721530216e-41    8.87771721530223e-41
2.9    -4.13449051623597e-15    8.87771721530216e-41    8.87771721530223e-41
3    -3.21571484596131e-15    8.87771721530216e-41    8.87771721530221e-41
3.1    -9.01548626457005e-15    8.87771721530216e-41    8.87771721530232e-41
3.2    1.5504339435885e-15    8.87771721530216e-41    8.87771721530213e-41
3.3    -9.18775670274655e-15    8.87771721530216e-41    8.87771721530232e-41
3.4    5.34038358347151e-15    8.87771721530216e-41    8.87771721530206e-41
3.5    -4.47903139258896e-15    8.87771721530216e-41    8.87771721530224e-41
3.6    -5.39780706286362e-15    8.87771721530216e-41    8.87771721530225e-41
3.7    2.52663309325533e-15    8.87771721530216e-41    8.87771721530211e-41
3.8    -9.36002714092304e-15    8.87771721530216e-41    8.87771721530232e-41
3.9    1.8949748199415e-15    8.87771721530216e-41    8.87771721530212e-41
4    -3.38798528413781e-15    8.87771721530216e-41    8.87771721530222e-41
4.1    -8.03928711490324e-15    8.87771721530216e-41    8.8777172153023e-41
4.2    8.03928711490331e-16    8.87771721530216e-41    8.87771721530214e-41
4.3    -2.12466873751015e-15    8.87771721530216e-41    8.87771721530219e-41
4.4    -9.30260366153088e-15    8.87771721530216e-41    8.87771721530232e-41
4.5    1.14846958784333e-16    8.87771721530216e-41    8.87771721530216e-41
4.6    -2.69890353143182e-15    8.87771721530216e-41    8.87771721530221e-41
4.7    -8.0967105942954e-15    8.87771721530216e-41    8.8777172153023e-41
4.8    -6.31658273313827e-15    8.87771721530216e-41    8.87771721530227e-41
4.9    8.03928711490331e-16    8.87771721530216e-41    8.87771721530214e-41
5    -7.06308796523642e-15    8.87771721530216e-41    8.87771721530228e-41
5.1    -9.13033322335438e-15    8.87771721530216e-41    8.87771721530232e-41
5.2    -4.88099574833412e-15    8.87771721530216e-41    8.87771721530224e-41
5.3    4.59387835137332e-16    8.87771721530216e-41    8.87771721530215e-41
5.4    -3.21571484596131e-15    8.87771721530216e-41    8.87771721530221e-41
5.5    -8.32640451186407e-15    8.87771721530216e-41    8.87771721530231e-41
5.6    -8.4412514706484e-15    8.87771721530216e-41    8.87771721530231e-41
5.7    2.067245258118e-15    8.87771721530216e-41    8.87771721530212e-41
5.8    3.50283224292217e-15    8.87771721530216e-41    8.8777172153021e-41
5.9    -6.4314296919226e-15    8.87771721530216e-41    8.87771721530227e-41
5.99999999999999    -9.64714453788387e-15    8.87771721530216e-41    8.87771721530233e-41
