0    7.51299695594814e-06    6.62597220753115e-25    1.30049999999999e-11    7.51300996094814e-06
0.1    7.51299696602863e-06    6.62596738629889e-25    1.2994919599787e-11    7.51300996094823e-06
0.2    7.51299697610514e-06    6.6259626863142e-25    1.29848431078283e-11    7.51300996094825e-06
0.3    7.51299698617768e-06    6.6259581087192e-25    1.2974770524124e-11    7.5130099609482e-06
0.4    7.51299699624633e-06    6.62595365359221e-25    1.2964701848674e-11    7.51300996094818e-06
0.5    7.51299700631121e-06    6.62594932004276e-25    1.29546370814779e-11    7.51300996094829e-06
0.6    7.51299701637197e-06    6.62594510899088e-25    1.29445762225365e-11    7.51300996094819e-06
0.7    7.51299702642893e-06    6.62594101945819e-25    1.29345192718491e-11    7.5130099609482e-06
0.8    7.51299703648202e-06    6.62593705247875e-25    1.29244662294164e-11    7.51300996094825e-06
0.9    7.51299704653102e-06    6.62593320800705e-25    1.29144170952379e-11    7.51300996094812e-06
1    7.51299705657638e-06    6.62592948515846e-25    1.29043718693136e-11    7.51300996094825e-06
1.1    7.51299706661773e-06    6.62592588279067e-25    1.28943305516436e-11    7.51300996094828e-06
1.2    7.51299707665496e-06    6.62592240437506e-25    1.28842931422283e-11    7.51300996094811e-06
1.3    7.51299708668864e-06    6.62591904846398e-25    1.2874259641067e-11    7.51300996094828e-06
1.4    7.51299709671807e-06    6.6259158141555e-25    1.28642300481604e-11    7.51300996094812e-06
1.5    7.5129971067439e-06    6.62591270179502e-25    1.28542043635081e-11    7.51300996094826e-06
1.6    7.51299711676561e-06    6.6259097120787e-25    1.28441825871102e-11    7.51300996094819e-06
1.7    7.51299712678356e-06    6.62590684441462e-25    1.28341647189666e-11    7.51300996094828e-06
1.8    7.51299713679746e-06    6.62590409869793e-25    1.28241507590777e-11    7.51300996094822e-06
1.9    7.51299714680743e-06    6.62590147538103e-25    1.2814140707443e-11    7.51300996094813e-06
2    7.5129971568137e-06    6.62589897442867e-25    1.28041345640629e-11    7.51300996094826e-06
2.1    7.51299716681579e-06    6.62589660406785e-25    1.27941323289371e-11    7.51300996094812e-06
2.2    7.51299717681426e-06    6.62589434755512e-25    1.27841340020659e-11    7.51300996094826e-06
2.3    7.51299718680848e-06    6.62589221309033e-25    1.27741395834489e-11    7.51300996094806e-06
2.4    7.51299719679916e-06    6.62589020079908e-25    1.27641490730867e-11    7.51300996094823e-06
2.5    7.51299720678563e-06    6.62588831049962e-25    1.27541624709789e-11    7.5130099609481e-06
2.6    7.5129972167685e-06    6.6258865421297e-25    1.27441797771259e-11    7.51300996094827e-06
2.7    7.51299722674713e-06    6.62588489575789e-25    1.27342009915269e-11    7.51300996094813e-06
2.8    7.51299723672209e-06    6.62588337236646e-25    1.27242261141828e-11    7.5130099609482e-06
2.9    7.51299724669306e-06    6.62588197116471e-25    1.27142551450931e-11    7.51300996094821e-06
3    7.51299725666011e-06    6.62588069185112e-25    1.27042880842579e-11    7.51300996094819e-06
3.1    7.51299726662335e-06    6.62587953846047e-25    1.26943249316775e-11    7.51300996094828e-06
3.2    7.51299727658243e-06    6.62587850413033e-25    1.26843656873515e-11    7.51300996094812e-06
3.3    7.51299728653793e-06    6.62587759131384e-25    1.26744103512799e-11    7.51300996094828e-06
3.4    7.51299729648914e-06    6.62587680124876e-25    1.26644589234632e-11    7.51300996094806e-06
3.5    7.51299730643681e-06    6.625876133098e-25    1.26545114039011e-11    7.51300996094821e-06
3.6    7.51299731638043e-06    6.62587558686516e-25    1.26445677925935e-11    7.51300996094823e-06
3.7    7.51299732632002e-06    6.62587516212319e-25    1.26346280895405e-11    7.5130099609481e-06
3.8    7.51299733625599e-06    6.62587485987261e-25    1.26246922947422e-11    7.51300996094828e-06
3.9    7.51299734618771e-06    6.62587467980782e-25    1.26147604081986e-11    7.51300996094812e-06
4    7.51299735611576e-06    6.62587462212045e-25    1.26048324299096e-11    7.51300996094819e-06
4.1    7.5129973660399e-06    6.62587468745259e-25    1.25949083598752e-11    7.51300996094826e-06
4.2    7.51299737595993e-06    6.62587487420328e-25    1.25849881980956e-11    7.51300996094813e-06
4.3    7.51299738587623e-06    6.62587518324455e-25    1.25750719445706e-11    7.51300996094818e-06
4.4    7.51299739578868e-06    6.625875614173e-25    1.25651595993003e-11    7.51300996094828e-06
4.5    7.51299740569698e-06    6.62587616717997e-25    1.25552511622848e-11    7.51300996094814e-06
4.6    7.51299741560155e-06    6.62587684280514e-25    1.2545346633524e-11    7.51300996094818e-06
4.7    7.51299742550225e-06    6.62587764062545e-25    1.25354460130178e-11    7.51300996094827e-06
4.8    7.51299743539894e-06    6.62587856066905e-25    1.25255493007663e-11    7.51300996094824e-06
4.9    7.51299744529163e-06    6.62587960220642e-25    1.25156564967697e-11    7.51300996094813e-06
5    7.51299745518065e-06    6.62588076629238e-25    1.25057676010279e-11    7.51300996094825e-06
5.1    7.51299746506567e-06    6.62588204833033e-25    1.24958826135409e-11    7.51300996094828e-06
5.2    7.51299747494668e-06    6.62588345684172e-25    1.24860015343086e-11    7.51300996094822e-06
5.3    7.51299748482377e-06    6.62588498787483e-25    1.2476124363331e-11    7.51300996094814e-06
5.4    7.51299749469709e-06    6.62588664076417e-25    1.24662511006084e-11    7.51300996094819e-06
5.5    7.51299750456652e-06    6.62588841620441e-25    1.24563817461404e-11    7.51300996094827e-06
5.6    7.51299751443197e-06    6.62589031340808e-25    1.24465162999272e-11    7.51300996094827e-06
5.7    7.51299752429335e-06    6.62589233257004e-25    1.24366547619692e-11    7.51300996094811e-06
5.8    7.51299753415096e-06    6.62589447369638e-25    1.24267971322657e-11    7.51300996094809e-06
5.9    7.51299754400483e-06    6.62589673745766e-25    1.24169434108172e-11    7.51300996094824e-06
5.99999999999999    7.51299755385469e-06    6.62589912345413e-25    1.24070935976234e-11    7.51300996094829e-06
