0    1    9.42216387848469e-21    9.42216387848469e-21
0.1    1    9.42216387848469e-21    9.42216387848469e-21
0.2    1    9.42216387848469e-21    9.42216387848469e-21
0.3    1    9.42216387848469e-21    9.42216387848469e-21
0.4    1    9.42216387848469e-21    9.42216387848469e-21
0.5    1    9.42216387848469e-21    9.42216387848469e-21
0.6    1    9.42216387848469e-21    9.42216387848469e-21
0.7    1    9.42216387848469e-21    9.42216387848469e-21
0.8    1    9.42216387848469e-21    9.42216387848469e-21
0.9    1    9.42216387848469e-21    9.42216387848469e-21
1    1    9.42216387848469e-21    9.42216387848469e-21
1.1    1    9.42216387848469e-21    9.42216387848469e-21
1.2    1    9.42216387848469e-21    9.42216387848469e-21
1.3    1    9.42216387848469e-21    9.42216387848469e-21
1.4    1    9.42216387848469e-21    9.42216387848469e-21
1.5    1    9.42216387848469e-21    9.42216387848469e-21
1.6    1    9.42216387848469e-21    9.42216387848469e-21
1.7    1    9.42216387848469e-21    9.42216387848469e-21
1.8    1    9.42216387848469e-21    9.42216387848469e-21
1.9    1    9.42216387848469e-21    9.42216387848469e-21
2    1    9.42216387848469e-21    9.42216387848469e-21
2.1    1    9.42216387848469e-21    9.42216387848469e-21
2.2    1    9.42216387848469e-21    9.42216387848469e-21
2.3    1    9.42216387848469e-21    9.42216387848469e-21
2.4    1    9.42216387848469e-21    9.42216387848469e-21
2.5    1    9.42216387848469e-21    9.42216387848469e-21
2.6    1    9.42216387848469e-21    9.42216387848469e-21
2.7    1    9.42216387848469e-21    9.42216387848469e-21
2.8    1    9.42216387848469e-21    9.42216387848469e-21
2.9    1    9.42216387848469e-21    9.42216387848469e-21
3    1    9.42216387848469e-21    9.42216387848469e-21
3.1    1    9.42216387848469e-21    9.42216387848469e-21
3.2    1    9.42216387848469e-21    9.42216387848469e-21
3.3    1    9.42216387848469e-21    9.42216387848469e-21
3.4    1    9.42216387848469e-21    9.42216387848469e-21
3.5    1    9.42216387848469e-21    9.42216387848469e-21
3.6    1    9.42216387848469e-21    9.42216387848469e-21
3.7    1    9.42216387848469e-21    9.42216387848469e-21
3.8    1    9.42216387848469e-21    9.42216387848469e-21
3.9    1    9.42216387848469e-21    9.42216387848469e-21
4    1    9.42216387848469e-21    9.42216387848469e-21
4.1    1    9.42216387848469e-21    9.42216387848469e-21
4.2    1    9.42216387848469e-21    9.42216387848469e-21
4.3    1    9.42216387848469e-21    9.42216387848469e-21
4.4    1    9.42216387848469e-21    9.42216387848469e-21
4.5    1    9.42216387848469e-21    9.42216387848469e-21
4.6    1    9.42216387848469e-21    9.42216387848469e-21
4.7    1    9.42216387848469e-21    9.42216387848469e-21
4.8    1    9.42216387848469e-21    9.42216387848469e-21
4.9    1    9.42216387848469e-21    9.42216387848469e-21
5    1    9.42216387848469e-21    9.42216387848469e-21
5.1    1    9.42216387848469e-21    9.42216387848469e-21
5.2    1    9.42216387848469e-21    9.42216387848469e-21
5.3    1    9.42216387848469e-21    9.42216387848469e-21
5.4    1    9.42216387848469e-21    9.42216387848469e-21
5.5    1    9.42216387848469e-21    9.42216387848469e-21
5.6    1    9.42216387848469e-21    9.42216387848469e-21
5.7    1    9.42216387848469e-21    9.42216387848469e-21
5.8    1    9.42216387848469e-21    9.42216387848469e-21
5.9    1    9.42216387848469e-21    9.42216387848469e-21
5.99999999999999    1    9.42216387848469e-21    9.42216387848469e-21
