0    1    -0.00387633769322231    1.00000000000002    1.50259939118963e-05    9.65705618025044e-08    4.95620373576135e-10
0.1    0.999612366230545    -0.00387633769582289    0.999224882721043    1.50259939320573e-05    1.20137002293744e-07    0
0.2    0.999224732460833    -0.00387633769842232    0.998450065961434    1.50259939522103e-05    1.06415576168043e-07    4.69285165209937e-10
0.3    0.998837098690862    -0.00387633770102081    0.997675549721178    1.50259939723554e-05    0    1.6463612699568e-10
0.4    0.998449464920625    -0.0038763377036183    0.996901334000305    1.50259939924927e-05    1.52691465108985e-07    0
0.5    0.998061831150139    -0.00387633770621473    0.996127418798783    1.50259940126224e-05    1.18274300295022e-07    5.90743238868437e-10
0.6    0.997674197379391    -0.00387633770881022    0.995353804116618    1.50259940327439e-05    8.29661542598906e-08    0
0.7    0.997286563608384    -0.00387633771140462    0.994580489953805    1.50259940528579e-05    0    5.35067412735959e-10
0.8    0.996898929837111    -0.00387633771399814    0.993807476310371    1.5025994072964e-05    0    0
0.9    0.996511296065578    -0.00387633771659052    0.993034763186297    1.5025994093062e-05    0    0
1    0.996123662293792    -0.00387633771918195    0.992262350581596    1.50259941131528e-05    1.82501207499443e-08    2.39996334166363e-10
1.1    0.995736028521739    -0.00387633772177238    0.991490238496269    1.50259941332355e-05    1.55572690202453e-07    0
1.2    0.995348394749433    -0.00387633772436173    0.99071842693027    1.50259941533099e-05    0    1.79408060007524e-10
1.3    0.994960760976866    -0.00387633772695019    0.989946915883671    1.50259941733773e-05    8.22943524806742e-08    0
1.4    0.994573127204046    -0.00387633772953756    0.989175705356434    1.50259941934361e-05    0    0
1.5    0.994185493430963    -0.00387633773212388    0.98840479534856    1.50259942134878e-05    0    6.7002049374984e-10
1.6    0.993797859657624    -0.00387633773470932    0.98763418586007    1.50259942335312e-05    0    0
1.7    0.993410225884032    -0.00387633773729366    0.986863876890939    1.50259942535671e-05    0    4.58327580360452e-10
1.8    0.993022592110167    -0.00387633773987701    0.986093868441185    1.50259942735949e-05    0    3.56447670897349e-10
1.9    0.992634958336046    -0.00387633774245936    0.985324160510793    1.50259942936149e-05    0    0
2    0.992247324561658    -0.00387633774504067    0.984554753099791    1.50259943136274e-05    1.51962623405242e-07    6.45554188313511e-10
2.1    0.99185969078704    -0.00387633774762102    0.983785646208157    1.50259943336316e-05    0    0
2.2    0.991472057012141    -0.0038763377502004    0.983016839835893    1.50259943536285e-05    7.67084221615419e-08    0
2.3    0.991084423236998    -0.00387633775277865    0.982248333983007    1.5025994373617e-05    0    0
2.4    0.990696789461592    -0.00387633775535597    0.981480128649507    1.50259943935983e-05    1.82501207499443e-08    4.03274504367466e-10
2.5    0.990309155685918    -0.00387633775793232    0.980712223835367    1.50259944135713e-05    1.08482090969093e-07    0
2.6    0.989921521910001    -0.00387633776050754    0.979944619540618    1.5025994433537e-05    7.45058059692383e-08    6.25563123618622e-10
2.7    0.989533888133827    -0.00387633776308184    0.979177315765249    1.50259944534943e-05    0    0
2.8    0.989146254357392    -0.00387633776565515    0.978410312509251    1.50259944734442e-05    0    0
2.9    0.988758620580687    -0.00387633776822735    0.977643609772633    1.50259944933861e-05    9.99600281193758e-08    5.87868558846069e-10
3    0.988370986803744    -0.00387633777079864    0.976877207555396    1.50259945133202e-05    0    1.48400999419181e-10
3.1    0.987983353026531    -0.00387633777336893    0.976111105857553    1.50259945332467e-05    8.22943524806742e-08    0
3.2    0.98759571924906    -0.00387633777593813    0.975345304679081    1.50259945531649e-05    1.18742715198615e-07    0
3.3    0.987208085471346    -0.00387633777850631    0.974579804019996    1.50259945730759e-05    0    8.09693461240011e-10
3.4    0.986820451693368    -0.00387633778107362    0.973814603880312    1.50259945929783e-05    9.36523459104935e-08    0
3.5    0.986432817915127    -0.00387633778363986    0.97304970425998    1.50259946128736e-05    3.49463206516462e-08    0
3.6    0.986045184136638    -0.00387633778620499    0.972285105159062    1.50259946327609e-05    7.81423485405856e-08    4.9046646880314e-10
3.7    0.98565755035788    -0.00387633778876921    0.971520806577516    1.502599465264e-05    1.36977257660406e-07    0
3.8    0.985269916578896    -0.00387633779133244    0.970756808515357    1.5025994672512e-05    0    0
3.9    0.984882282799619    -0.00387633779389461    0.969993110972589    1.50259946923754e-05    1.05367121277235e-08    0
4    0.984494649020112    -0.00387633779645573    0.969229713949218    1.50259947122315e-05    0    5.31891910431938e-10
4.1    0.984107015240333    -0.00387633779901593    0.96846661744522    1.50259947320798e-05    0    4.15685844406419e-10
4.2    0.983719381460319    -0.00387633780157509    0.96770382146063    1.50259947519199e-05    0    0
4.3    0.983331747680017    -0.00387633780413323    0.966941325995435    1.50259947717525e-05    0    7.12895341794699e-11
4.4    0.982944113899474    -0.00387633780669035    0.966179131049609    1.50259947915774e-05    0    6.58544507982719e-10
4.5    0.982556480118673    -0.0038763378092465    0.965417236623211    1.5025994811394e-05    1.23778341158004e-07    0
4.6    0.982168846337625    -0.00387633781180166    0.964655642716181    1.50259948312031e-05    1.05367121277235e-08    0
4.7    0.981781212556326    -0.00387633781435579    0.963894349328538    1.50259948510045e-05    0    0
4.8    0.981393578774747    -0.00387633781690882    0.963133356460315    1.50259948707979e-05    9.18569267238524e-08    6.87491370540678e-10
4.9    0.981005944992937    -0.00387633781946097    0.962372664111475    1.50259948905833e-05    0    0
5    0.980618311210867    -0.00387633782201209    0.961612272282038    1.50259949103613e-05    0    0
5.1    0.980230677428523    -0.00387633782456223    0.960852180972003    1.50259949301313e-05    1.44855842703757e-07    0
5.2    0.979843043645945    -0.00387633782711119    0.96009239018136    1.50259949498934e-05    1.02157214289919e-07    5.20625146455083e-10
5.3    0.979455409863112    -0.00387633782965924    0.95933289991011    1.50259949696475e-05    0    5.05770649673148e-10
5.4    0.979067776080015    -0.00387633783220633    0.958573710158276    1.50259949893942e-05    1.02699166179376e-07    3.34377554625856e-10
5.5    0.978680142296666    -0.00387633783475243    0.957814820925842    1.5025995009133e-05    1.39387599631173e-07    0
5.6    0.978292508513068    -0.00387633783729751    0.957056232212797    1.50259950288639e-05    7.81423485405856e-08    0
5.7    0.977904874729222    -0.00387633783984145    0.956297944019165    1.50259950485867e-05    0    1.88614378520516e-10
5.8    0.977517240945094    -0.00387633784238447    0.955539956344924    1.50259950683019e-05    1.21515292154998e-07    1.97391781930499e-10
5.9    0.977129607160737    -0.00387633784492653    0.954782269190092    1.50259950880097e-05    0    1.97391781930499e-10
5.99999999999999    0.976741973376111    -0.00387633784746756    0.95402488255466    1.50259951077094e-05    0    0
