2.28887e-05 3.083785213415286e-22 1.722151859324591e-31 18
4.57775e-05 1.035826784829521e-21 2.649182523923147e-30 62
6.86662e-05 3.42566250033795e-21 1.495200484227672e-29 98
9.1555e-05 5.883778508230087e-21 4.085167895452243e-29 210
0.000114444 9.480664730474464e-21 1.092611035527051e-28 350
0.000137332 1.174816110063165e-20 2.140197645237248e-28 450
0.000160221 1.681602782297549e-20 4.432031001365555e-28 602
0.00018311 2.085522787256362e-20 7.004346662335944e-28 762
0.000205999 2.802777776914156e-20 1.101090343514869e-27 1142
0.000228887 3.476320677903512e-20 1.753424923928356e-27 1250
0.000251776 4.028286910543245e-20 2.544411099793268e-27 1458
0.000274665 4.932082843184975e-20 3.704025487383658e-27 1814
0.000297554 5.797354856177172e-20 5.191490038478626e-27 2178
0.000320442 6.907314218232388e-20 6.909976455867363e-27 2498
0.000343331 7.581255517640843e-20 9.153216904187516e-27 2622
0.00036622 8.651365052818536e-20 1.149354961132389e-26 3338
0.000389109 9.946517229906988e-20 1.477977565146264e-26 3722
0.000411997 1.113512590219944e-19 1.774043916640739e-26 4170
0.000434886 1.27143740610865e-19 2.400303008626734e-26 4358
0.000457775 1.385058127158044e-19 2.845049261799678e-26 5034
0.000480664 1.543280896955306e-19 3.418373583663408e-26 5714
0.000503552 1.712015116644054e-19 4.242945812040333e-26 5982
0.000526441 1.830138487149452e-19 4.921074143373598e-26 6602
0.00054933 2.001880247467184e-19 6.002657981077674e-26 7130
0.000572219 2.172155159622987e-19 6.946180353310965e-26 8034
0.000595107 2.348107622816937e-19 8.098670803600448e-26 8606
0.000617996 2.512712075635964e-19 9.442441287109654e-26 9066
0.000640885 2.67287726699573e-19 1.108183280598947e-25 9962
0.000663774 2.908406584286792e-19 1.279311497000154e-25 10550
0.000686662 3.122226472169338e-19 1.447390848948776e-25 11226
0.000709551 3.325747045896269e-19 1.652859906230586e-25 12146
0.00073244 3.621471412660859e-19 1.875339141339682e-25 12606
0.000755329 3.767861702803958e-19 2.105728182978309e-25 13802
0.000778217 3.971362598341082e-19 2.373886735397864e-25 14754
0.000801106 4.134184536157071e-19 2.706009548570373e-25 15194
0.000823995 4.492445815123066e-19 2.990424275018875e-25 16454
0.000846884 4.690958904312636e-19 3.329511609413865e-25 17154
0.000869772 4.972687883564452e-19 3.79003815172684e-25 18266
0.000892661 5.268511945193326e-19 4.133875586144459e-25 18750
0.00091555 5.541455714187791e-19 4.562814115510882e-25 20234
0.000938439 5.841577434611623e-19 4.987833787802919e-25 21450
0.000961327 6.156118837083621e-19 5.56626721073029e-25 21962
0.000984216 6.467283077026683e-19 6.06285102549905e-25 23462
0.0010071 6.731592576516456e-19 6.684540839512877e-25 24042
0.00102999 6.99885471105794e-19 7.320078237914339e-25 25946
0.00105288 7.289668029637171e-19 8.009564774684567e-25 26118
0.00107577 7.66478810674905e-19 8.70480718840055e-25 27506
0.00109866 7.903677718863248e-19 9.444533849977956e-25 29066
0.00112155 8.216653821721805e-19 1.039890855415093e-24 30450
0.00114444 8.663211952052401e-19 1.102626396219482e-24 31742
0.00116733 8.927934794878166e-19 1.206016202392893e-24 32250
0.00119021 9.309336987365203e-19 1.303550662338408e-24 34250
0.0012131 9.743960437671736e-19 1.42180736401746e-24 35454
0.00123599 1.000744308503493e-18 1.525857390086443e-24 36434
0.00125888 1.035114438692569e-18 1.639677613393199e-24 37682
0.00128177 1.084146190852577e-18 1.74290805630613e-24 39294
0.00130466 1.133087400785767e-18 1.899227276825087e-24 41426
0.00132755 1.166038322100924e-18 2.015071291622928e-24 42066
0.00135044 1.203910420323535e-18 2.169335682845962e-24 43490
0.00137332 1.239737524676524e-18 2.311204817493101e-24 45702
0.00139621 1.292584800766523e-18 2.505493110352879e-24 46634
0.0014191 1.334729652132357e-18 2.660689882670943e-24 48554
0.00144199 1.369062524982199e-18 2.815521249130841e-24 48870
0.00146488 1.405127121550794e-18 3.006716482576837e-24 51554
0.00148777 1.464185881442455e-18 3.197419538295737e-24 54090
0.00151066 1.508589430401311e-18 3.406813065807535e-24 53675
0.00153355 1.53485247586343e-18 3.60804259387558e-24 54372
0.00155643 1.611273092338278e-18 3.809459595404121e-24 52340
0.00157932 1.632958342111046e-18 4.079408445213806e-24 52724
0.00160221 1.687708504338749e-18 4.282004851644494e-24 50724
0.0016251 1.738946072662687e-18 4.532221220533658e-24 49280
0.00164799 1.783712603672719e-18 4.745288994998769e-24 49368
0.00167088 1.847203999572583e-18 5.03173184262834e-24 47348
0.00169377 1.884481608065623e-18 5.312181867984658e-24 47204
0.00171666 1.948201120359519e-18 5.70810998348604e-24 44736
0.00173954 2.010167702763559e-18 5.931486318402013e-24 44132
0.00176243 2.050420579455629e-18 6.251825985837604e-24 42756
0.00178532 2.08647912784853e-18 6.597961728291272e-24 40532
0.00180821 2.175133730629838e-18 6.957485540087769e-24 39792
0.0018311 2.207191775775696e-18 7.191806194608934e-24 38180
0.00185399 2.24466362717059e-18 7.584756961592666e-24 36860
0.00187688 2.323443972869867e-18 8.021647319991571e-24 35100
0.00189977 2.369957308464617e-18 8.389370674850086e-24 33248
0.00192265 2.424302512338987e-18 8.820544075921801e-24 31752
0.00194554 2.471811794338844e-18 9.25078944905959e-24 29840
0.00196843 2.582013491111839e-18 9.659872305368983e-24 28260
0.00199132 2.603433365675378e-18 1.013325174435125e-23 26036
0.00201421 2.680221034732193e-18 1.046119582784956e-23 24260
0.0020371 2.755391756918772e-18 1.099199633653366e-23 22416
0.00205999 2.773427390506845e-18 1.143504057543286e-23 20360
0.00208288 2.838687315775122e-18 1.181200184002458e-23 18360
0.00210576 2.935324565303556e-18 1.275237429759729e-23 16172
0.00212865 3.024204774329379e-18 1.301675684858546e-23 13977
0.00215154 3.03704764711679e-18 1.389246391605616e-23 12098
0.00217443 3.146514837820428e-18 1.401899676555404e-23 10472
0.00219732 3.229057123138655e-18 1.45573342640949e-23 9084
0.00222021 3.242703625403709e-18 1.517198059558756e-23 8084
0.0022431 3.303316524266302e-18 1.588136556161781e-23 6894
0.00226599 3.364428584426742e-18 1.674148431863661e-23 5990
0.00228887 3.368244281725882e-18 1.802906947144765e-23 5030
0.00231176 3.527368892767973e-18 1.838262827502781e-23 4368
0.00233465 3.539392309801249e-18 1.884976154891304e-23 3782
0.00235754 3.513389593542004e-18 1.955106236064134e-23 2856
0.00238043 3.883730335799885e-18 1.90523450389811e-23 2312
0.00240332 3.861403298251141e-18 2.139732561331712e-23 2238
0.00242621 3.707062639817661e-18 2.215598731140135e-23 1640
0.0024491 3.781379044408715e-18 2.250170210750191e-23 1160
0.00247198 4.060395228833675e-18 2.201453692859e-23 732
0.00249487 4.246223408629791e-18 2.332050599336078e-23 728
0.00251776 3.918733443946399e-18 2.363425418403343e-23 456
0.00254065 4.254550066951156e-18 2.18593610372547e-23 242
0.00256354 3.870337247911103e-18 1.937451332219656e-23 72
0.00258643 4.651164527351059e-18 2.086447831094057e-23 56
0.00260932 2.14760480515174e-18 1.167988765108357e-23 7


2.28887e-05 3.083813613494225e-22 1.722091363619609e-31 18
4.57775e-05 1.03581244178364e-21 2.649232084205783e-30 62
6.86662e-05 3.425643037576093e-21 1.495217109372642e-29 98
9.1555e-05 5.883859543529073e-21 4.085097643060946e-29 210
0.000114444 9.480711529556456e-21 1.0926029221675e-28 350
0.000137332 1.174830239365524e-20 2.140162923603762e-28 450
0.000160221 1.681608093803691e-20 4.432019564917672e-28 602
0.00018311 2.085505479488718e-20 7.004406676968172e-28 762
0.000205999 2.802752913209681e-20 1.101100833773938e-27 1142
0.000228887 3.476325980184646e-20 1.75342170311347e-27 1250
0.000251776 4.028347576149541e-20 2.544373755449418e-27 1458
0.000274665 4.932063729988358e-20 3.704041042261185e-27 1814
0.000297554 5.797339072627871e-20 5.191498197595245e-27 2178
0.000320442 6.90729009049127e-20 6.909996813224797e-27 2498
0.000343331 7.581255887883242e-20 9.153227667072175e-27 2622
0.00036622 8.651288741915684e-20 1.149365280475231e-26 3338
0.000389109 9.946566980651478e-20 1.477969596349867e-26 3722
0.000411997 1.11352115708745e-19 1.774030602688993e-26 4170
0.000434886 1.271437075159207e-19 2.400304504693771e-26 4358
0.000457775 1.385071435431388e-19 2.84502464793783e-26 5034
0.000480664 1.543268257582481e-19 3.418402372606472e-26 5714
0.000503552 1.711983395980008e-19 4.243023638861105e-26 5982
0.000526441 1.830106486010843e-19 4.921160883418665e-26 6602
0.00054933 2.001876111185564e-19 6.002667390542205e-26 7130
0.000572219 2.172180992768161e-19 6.946102998002745e-26 8034
0.000595107 2.348127539506506e-19 8.098606271618887e-26 8606
0.000617996 2.512703851142593e-19 9.442470083349467e-26 9066
0.000640885 2.672877168451204e-19 1.108183740919274e-25 9962
0.000663774 2.908355762515442e-19 1.279331902583922e-25 10550
0.000686662 3.122259814565713e-19 1.447375418519662e-25 11226
0.000709551 3.32579580789107e-19 1.652836542685129e-25 12146
0.00073244 3.621488932058949e-19 1.875329459578303e-25 12606
0.000755329 3.767785288864686e-19 2.105766655262591e-25 13802
0.000778217 3.971393493126875e-19 2.373866890492628e-25 14754
0.000801106 4.134105711671336e-19 2.706054338296784e-25 15194
0.000823995 4.492362880825489e-19 2.990472420020758e-25 16454
0.000846884 4.690983326131554e-19 3.329494573713845e-25 17154
0.000869772 4.972603284687355e-19 3.790091527472747e-25 18266
0.000892661 5.26835764231449e-19 4.1339806376236e-25 18750
0.00091555 5.541425148418103e-19 4.562831192215872e-25 20234
0.000938439 5.84155427692435e-19 4.987851134603555e-25 21450
0.000961327 6.156299864681891e-19 5.566128048546396e-25 21962
0.000984216 6.467302226377819e-19 6.062825840115474e-25 23462
0.0010071 6.731536551495345e-19 6.684581577070096e-25 24042
0.00102999 6.99894172510415e-19 7.320011091224946e-25 25946
0.00105288 7.289809857073412e-19 8.009446631415197e-25 26118
0.00107577 7.664584769831604e-19 8.704984745133424e-25 27506
0.00109866 7.903615084825432e-19 9.444591078547297e-25 29066
0.00112155 8.216656046773803e-19 1.039890497293223e-24 30450
0.00114444 8.663222420492541e-19 1.102624671369014e-24 31742
0.00116733 8.927717713420485e-19 1.206036880542146e-24 32250
0.00119021 9.309247873164015e-19 1.303559645822402e-24 34250
0.0012131 9.743878130652426e-19 1.421815857274471e-24 35454
0.00123599 1.000736986825368e-18 1.52586536503431e-24 36434
0.00125888 1.035103211284637e-18 1.639691013822492e-24 37682
0.00128177 1.084145577203496e-18 1.742909100416625e-24 39294
0.00130466 1.133083156286939e-18 1.899231722530448e-24 41426
0.00132755 1.166031116324839e-18 2.015082645920606e-24 42066
0.00135044 1.203916948543435e-18 2.169327432990142e-24 43490
0.00137332 1.239741152097174e-18 2.311203923358482e-24 45702
0.00139621 1.292603166012032e-18 2.505470964821997e-24 46634
0.0014191 1.334699681957202e-18 2.660730343593262e-24 48554
0.00144199 1.369058796953748e-18 2.815525825652171e-24 48870
0.00146488 1.405110341338633e-18 3.006736488673014e-24 51554
0.00148777 1.464187178742421e-18 3.197416273340046e-24 54090
0.00151066 1.508572716901727e-18 3.406830724889371e-24 53675
0.00153355 1.534901790236352e-18 3.607975631693305e-24 54372
0.00155643 1.611267320192899e-18 3.8094724073337e-24 52340
0.00157932 1.632945090280127e-18 4.079427574856175e-24 52724
0.00160221 1.687650878287097e-18 4.282088602139081e-24 50724
0.0016251 1.738915755313034e-18 4.532264370751408e-24 49280
0.00164799 1.78368461190183e-18 4.745329608812368e-24 49368
0.00167088 1.847180195803481e-18 5.031771804042752e-24 47348
0.00169377 1.884499381240773e-18 5.312152038996803e-24 47204
0.00171666 1.948223985517067e-18 5.708066783238719e-24 44736
0.00173954 2.010106046417394e-18 5.93160185480922e-24 44132
0.00176243 2.050418108503203e-18 6.251821704089115e-24 42756
0.00178532 2.086438694321884e-18 6.598047428434156e-24 40532
0.00180821 2.175095995248556e-18 6.957547854361194e-24 39792
0.0018311 2.207205687674199e-18 7.191782797369934e-24 38180
0.00185399 2.244562929634572e-18 7.584947862603927e-24 36860
0.00187688 2.323436509396161e-18 8.021666817557233e-24 35100
0.00189977 2.369914684496348e-18 8.389459934639884e-24 33248
0.00192265 2.42432794581517e-18 8.820498027613372e-24 31752
0.00194554 2.471804238178554e-18 9.250797809720263e-24 29840
0.00196843 2.581893859493061e-18 9.660136101579738e-24 28260
0.00199132 2.603450806829747e-18 1.013322089326854e-23 26036
0.00201421 2.680222770974607e-18 1.046118295161075e-23 24260
0.0020371 2.755339451621415e-18 1.099212109623477e-23 22416
0.00205999 2.773508207068475e-18 1.143485004387988e-23 20360
0.00208288 2.838667104666157e-18 1.181202672078117e-23 18360
0.00210576 2.935386928009415e-18 1.275225346071322e-23 16172
0.00212865 3.024248105778086e-18 1.301664195995285e-23 13977
0.00215154 3.037057012136764e-18 1.389242840440326e-23 12098
0.00217443 3.146225027113644e-18 1.401970839080104e-23 10472
0.00219732 3.229069445051595e-18 1.455732464997617e-23 9084
0.00222021 3.242791355137704e-18 1.517174601618343e-23 8084
0.0022431 3.303223279720731e-18 1.588161641662766e-23 6894
0.00226599 3.364346513703228e-18 1.674168976294042e-23 5990
0.00228887 3.368428469140518e-18 1.802859274363691e-23 5030
0.00231176 3.527199989361398e-18 1.838306713691812e-23 4368
0.00233465 3.539121593296957e-18 1.885047314183859e-23 3782
0.00235754 3.513443484413279e-18 1.955091910763822e-23 2856
0.00238043 3.883224032829997e-18 1.905369775966107e-23 2312
0.00240332 3.861175859491628e-18 2.139796096487837e-23 2238
0.00242621 3.706725129597155e-18 2.215690567656008e-23 1640
0.0024491 3.781172225099859e-18 2.250227123034861e-23 1160
0.00247198 4.060332635534517e-18 2.201470934486744e-23 732
0.00249487 4.246386988812317e-18 2.332005381310002e-23 728
0.00251776 3.91869474861268e-18 2.363435869658164e-23 456
0.00254065 4.253962296090829e-18 2.186098436090845e-23 242
0.00256354 3.873054461934108e-18 1.93669779035479e-23 72
0.00258643 4.647127872612273e-18 2.087567155155794e-23 56
0.00260932 2.150664489604391e-18 1.167140564136195e-23 7


2.28887e-05 3.083843704192613e-22 1.722035440871627e-31 18
4.57775e-05 1.035798370432188e-21 2.649279488342513e-30 62
6.86662e-05 3.425623657512315e-21 1.495233427681145e-29 98
9.1555e-05 5.883941294896627e-21 4.085026006630893e-29 210
0.000114444 9.480757596116706e-21 1.092594279210296e-28 350
0.000137332 1.174844509243125e-20 2.140129057357325e-28 450
0.000160221 1.681613363576766e-20 4.432008154786149e-28 602
0.00018311 2.085488294666653e-20 7.004464436922678e-28 762
0.000205999 2.802728275327286e-20 1.101111438563701e-27 1142
0.000228887 3.476331378947662e-20 1.753418538484564e-27 1250
0.000251776 4.02840855651139e-20 2.544336387764697e-27 1458
0.000274665 4.93204495631249e-20 3.704056253290083e-27 1814
0.000297554 5.797323201440164e-20 5.191506508432767e-27 2178
0.000320442 6.90726595426166e-20 6.910018077340462e-27 2498
0.000343331 7.581256263664965e-20 9.153238225158659e-27 2622
0.00036622 8.651212294225919e-20 1.14937556212311e-26 3338
0.000389109 9.946616913903966e-20 1.477961659316844e-26 3722
0.000411997 1.113529681968145e-19 1.77401738592573e-26 4170
0.000434886 1.271436779604724e-19 2.400306058423421e-26 4358
0.000457775 1.38508477434735e-19 2.844999857934022e-26 5034
0.000480664 1.543255636406012e-19 3.418431122354598e-26 5714
0.000503552 1.711951709959252e-19 4.243101419605533e-26 5982
0.000526441 1.830074513219509e-19 4.921247707797465e-26 6602
0.00054933 2.001872101312616e-19 6.002676831715215e-26 7130
0.000572219 2.172206863663523e-19 6.946025547293254e-26 8034
0.000595107 2.348147567700139e-19 8.098541682516475e-26 8606
0.000617996 2.512695714011148e-19 9.442498694869979e-26 9066
0.000640885 2.672877339857928e-19 1.108184113444123e-25 9962
0.000663774 2.908305226763846e-19 1.279352206951842e-25 10550
0.000686662 3.122293316300617e-19 1.447359837767135e-25 11226
0.000709551 3.325844848142489e-19 1.652813033641228e-25 12146
0.00073244 3.621506729700846e-19 1.875319633093527e-25 12606
0.000755329 3.767709257269593e-19 2.105804859820199e-25 13802
0.000778217 3.971424899111912e-19 2.373846786755429e-25 14754
0.000801106 4.134027676306509e-19 2.706098682073574e-25 15194
0.000823995 4.492280646909595e-19 2.990520118462478e-25 16454
0.000846884 4.691008649862779e-19 3.32947688775244e-25 17154
0.000869772 4.972519862377716e-19 3.790144097562198e-25 18266
0.000892661 5.268204540679983e-19 4.134084741409378e-25 18750
0.00091555 5.541395935277749e-19 4.562847414215162e-25 20234
0.000938439 5.841532577216125e-19 4.98786744440547e-25 21450
0.000961327 6.156482724051891e-19 5.565987474054784e-25 21962
0.000984216 6.467323336695673e-19 6.06279904723157e-25 23462
0.0010071 6.731482931141112e-19 6.684620175796061e-25 24042
0.00102999 6.999031578102748e-19 7.319941731608865e-25 25946
0.00105288 7.289954965770844e-19 8.009325652819231e-25 26118
0.00107577 7.664385039306983e-19 8.705159195799672e-25 27506
0.00109866 7.903556692024175e-19 9.444644415247011e-25 29066
0.00112155 8.216663303565432e-19 1.039889669932041e-24 30450
0.00114444 8.663237765591602e-19 1.102622475297251e-24 31742
0.00116733 8.927506573280784e-19 1.206056932523367e-24 32250
0.00119021 9.309165474667173e-19 1.303567959290102e-24 34250
0.0012131 9.743803473523623e-19 1.421823569315215e-24 35454
0.00123599 1.000730521607262e-18 1.525872430823735e-24 36434
0.00125888 1.035092938035554e-18 1.639703389078681e-24 37682
0.00128177 1.084145960926446e-18 1.742909029534058e-24 39294
0.00130466 1.133080048451194e-18 1.899234875744777e-24 41426
0.00132755 1.166025154442804e-18 2.015092550154149e-24 42066
0.00135044 1.203924870524169e-18 2.169317502051561e-24 43490
0.00137332 1.239746290590808e-18 2.311201172373871e-24 45702
0.00139621 1.292623241185992e-18 2.505446696370889e-24 46634
0.0014191 1.334671561327821e-18 2.660768481675807e-24 48554
0.00144199 1.369057076840581e-18 2.815527854820308e-24 48870
0.00146488 1.405095796647376e-18 3.006753611521811e-24 51554
0.00148777 1.464190868312077e-18 3.197409823960118e-24 54090
0.00151066 1.508558619403474e-18 3.40684484679795e-24 53675
0.00153355 1.534953935275746e-18 3.60790470479459e-24 54372
0.00155643 1.611264428555977e-18 3.809481086167655e-24 52340
0.00157932 1.632935055230872e-18 4.079441943298796e-24 52724
0.00160221 1.687596582921477e-18 4.282167311982111e-24 50724
0.0016251 1.738888971653108e-18 4.532302019459855e-24 49280
0.00164799 1.783660304557182e-18 4.745364319395373e-24 49368
0.00167088 1.847160308301395e-18 5.031805270542994e-24 47348
0.00169377 1.884521369766965e-18 5.312115118072385e-24 47204
0.00171666 1.948251492143194e-18 5.708015566157188e-24 44736
0.00173954 2.01004912863898e-18 5.931709119653378e-24 44132
0.00176243 2.050420750580379e-18 6.2518082800403e-24 42756
0.00178532 2.086403770517083e-18 6.598123106670872e-24 40532
0.00180821 2.175064024203101e-18 6.957599399979883e-24 39792
0.0018311 2.207225549152423e-18 7.191748025679005e-24 38180
0.00185399 2.244468686961148e-18 7.585126240853284e-24 36860
0.00187688 2.323435937291397e-18 8.021672856562582e-24 35100
0.00189977 2.369879329958562e-18 8.389534630364883e-24 33248
0.00192265 2.424361151323952e-18 8.820436148611057e-24 31752
0.00194554 2.471804999091909e-18 9.250788975835194e-24 29840
0.00196843 2.581782771113175e-18 9.660382244790479e-24 28260
0.00199132 2.603477467050989e-18 1.013317055456526e-23 26036
0.00201421 2.68023386513583e-18 1.046114996310618e-23 24260
0.0020371 2.755297135420507e-18 1.099222420797259e-23 22416
0.00205999 2.773599565109717e-18 1.143463621423377e-23 20360
0.00208288 2.838657754493795e-18 1.181202741197878e-23 18360
0.00210576 2.935461341593442e-18 1.275210516871681e-23 16172
0.00212865 3.024303334533779e-18 1.301649918111557e-23 13977
0.00215154 3.037079563635741e-18 1.389236101340274e-23 12098
0.00217443 3.145947966227746e-18 1.402038869886133e-23 10472
0.00219732 3.229094860183026e-18 1.455728243733805e-23 9084
0.00222021 3.242893180888216e-18 1.517147623156556e-23 8084
0.0022431 3.303145001744939e-18 1.588182929451893e-23 6894
0.00226599 3.364280734690287e-18 1.674185329914591e-23 5990
0.00228887 3.368631220839743e-18 1.802806750311996e-23 5030
0.00231176 3.527049327792913e-18 1.838345814297763e-23 4368
0.00233465 3.538869867386503e-18 1.885113398803943e-23 3782
0.00235754 3.513517933638482e-18 1.955072191351439e-23 2856
0.00238043 3.882735024481526e-18 1.905500450624766e-23 2312
0.00240332 3.860970364061874e-18 2.139853620143871e-23 2238
0.00242621 3.706411877376651e-18 2.215775752989218e-23 1640
0.0024491 3.780989725484395e-18 2.250277383674652e-23 1160
0.00247198 4.060291997442148e-18 2.201482143037896e-23 732
0.00249487 4.246574258821472e-18 2.331953836043247e-23 728
0.00251776 3.918680910696092e-18 2.363439364481302e-23 456
0.00254065 4.25339505960105e-18 2.186255197373479e-23 242
0.00256354 3.875789629645165e-18 1.935939225400114e-23 72
0.00258643 4.64310603454801e-18 2.088682059646255e-23 56
0.00260932 2.153731088113549e-18 1.166289844861992e-23 7


2.28887e-05 3.083873033108133e-22 1.721977957567611e-31 18
4.57775e-05 1.035784359574483e-21 2.649326107322755e-30 62
6.86662e-05 3.42560457668226e-21 1.495250780160136e-29 98
9.1555e-05 5.884023148004347e-21 4.084954411926666e-29 210
0.000114444 9.480803932047104e-21 1.092586431720563e-28 350
0.000137332 1.1748588323311e-20 2.140094928513597e-28 450
0.000160221 1.6816187241009e-20 4.431996373811834e-28 602
0.00018311 2.08547118806025e-20 7.004523081009603e-28 762
0.000205999 2.802703457162056e-20 1.101122090043032e-27 1142
0.000228887 3.476336811267616e-20 1.753415631576781e-27 1250
0.000251776 4.028469272148339e-20 2.544299179709512e-27 1458
0.000274665 4.93202607687817e-20 3.704071848202526e-27 1814
0.000297554 5.797307527354266e-20 5.191514608778207e-27 2178
0.000320442 6.907241861548405e-20 6.910038805847175e-27 2498
0.000343331 7.581256641720973e-20 9.153248278579235e-27 2622
0.00036622 8.65113588709768e-20 1.149385840965432e-26 3338
0.000389109 9.946666734807639e-20 1.477953707443955e-26 3722
0.000411997 1.113538233081915e-19 1.774004042749869e-26 4170
0.000434886 1.271436498309978e-19 2.400307508898829e-26 4358
0.000457775 1.38509813639936e-19 2.844974998472867e-26 5034
0.000480664 1.543243011868591e-19 3.418460114821695e-26 5714
0.000503552 1.711919949903561e-19 4.24317905685722e-26 5982
0.000526441 1.830042560452278e-19 4.921334445007e-26 6602
0.00054933 2.001868116998636e-19 6.002685812727494e-26 7130
0.000572219 2.172232826883527e-19 6.945947924733499e-26 8034
0.000595107 2.348167632217968e-19 8.09847669449368e-26 8606
0.000617996 2.512687706287628e-19 9.44252656439947e-26 9066
0.000640885 2.672877722598883e-19 1.108184378408702e-25 9962
0.000663774 2.908254879053882e-19 1.279372418108757e-25 10550
0.000686662 3.122327164272637e-19 1.447344195063704e-25 11226
0.000709551 3.325894196727605e-19 1.652789359469793e-25 12146
0.00073244 3.621524861645429e-19 1.875309664685209e-25 12606
0.000755329 3.767633665039969e-19 2.105842887846816e-25 13802
0.000778217 3.971456867413849e-19 2.373826322739133e-25 14754
0.000801106 4.133950442683458e-19 2.706142594178933e-25 15194
0.000823995 4.492199105112366e-19 2.990567392409748e-25 16454
0.000846884 4.691034920627624e-19 3.329458627273119e-25 17154
0.000869772 4.972437595407165e-19 3.790195876180922e-25 18266
0.000892661 5.2680526430754e-19 4.134188186303658e-25 18750
0.00091555 5.541368186492916e-19 4.562862591286168e-25 20234
0.000938439 5.841512315957329e-19 4.98788268932578e-25 21450
0.000961327 6.156667372193495e-19 5.56584549502043e-25 21962
0.000984216 6.467346460589637e-19 6.06277077674593e-25 23462
0.0010071 6.731431814209471e-19 6.684656932929335e-25 24042
0.00102999 6.999124271181619e-19 7.319869889031796e-25 25946
0.00105288 7.290103442931258e-19 8.009202003356154e-25 26118
0.00107577 7.664188962104493e-19 8.705330360161009e-25 27506
0.00109866 7.903502437245693e-19 9.444693717146454e-25 29066
0.00112155 8.216675547597573e-19 1.039888364122185e-24 30450
0.00114444 8.663258058769939e-19 1.102619811616375e-24 31742
0.00116733 8.927301538710032e-19 1.206076422116958e-24 32250
0.00119021 9.309089845051057e-19 1.303575582648812e-24 34250
0.0012131 9.743736413722359e-19 1.421830448019373e-24 35454
0.00123599 1.000724918210609e-18 1.525878575223199e-24 36434
0.00125888 1.035083626453705e-18 1.639714728337216e-24 37682
0.00128177 1.084147340131348e-18 1.74290783880268e-24 39294
0.00130466 1.133078085570007e-18 1.89923667433455e-24 41426
0.00132755 1.166020403060645e-18 2.015101038012035e-24 42066
0.00135044 1.203934181407493e-18 2.169305915712269e-24 43490
0.00137332 1.239752963435857e-18 2.311196575206167e-24 45702
0.00139621 1.292645025085887e-18 2.505420291364879e-24 46634
0.0014191 1.334645304698e-18 2.660804282323545e-24 48554
0.00144199 1.369057372306059e-18 2.815527273114723e-24 48870
0.00146488 1.405083485382487e-18 3.006767805600966e-24 51554
0.00148777 1.464196946884034e-18 3.197400222874041e-24 54090
0.00151066 1.508547139146453e-18 3.406855450063877e-24 53675
0.00153355 1.535008898649086e-18 3.607829835896235e-24 54372
0.00155643 1.611264416968015e-18 3.809485617466065e-24 52340
0.00157932 1.632928253077583e-18 4.07945148601301e-24 52724
0.00160221 1.687545618690324e-18 4.282240945606058e-24 50724
0.0016251 1.738865702035501e-18 4.532334137278153e-24 49280
0.00164799 1.78363967806882e-18 4.745393087089625e-24 49368
0.00167088 1.847144336849366e-18 5.031832310839488e-24 47348
0.00169377 1.88454756323556e-18 5.312071099174218e-24 47204
0.00171666 1.948283628924453e-18 5.707956355467273e-24 44736
0.00173954 2.009996923102085e-18 5.931808065049279e-24 44132
0.00176243 2.050428457311627e-18 6.251785681298028e-24 42756
0.00178532 2.08637434492643e-18 6.598188654985268e-24 40532
0.00180821 2.17503782486067e-18 6.95764013966074e-24 39792
0.0018311 2.207251380604979e-18 7.191701957379844e-24 38180
0.00185399 2.244380914487441e-18 7.585292205502185e-24 36860
0.00187688 2.323442247977469e-18 8.021665353248885e-24 35100
0.00189977 2.3698512957184e-18 8.389594796172588e-24 33248
0.00192265 2.424402128664384e-18 8.820358644590681e-24 31752
0.00194554 2.471814081075756e-18 9.250763137083548e-24 29840
0.00196843 2.581680234965066e-18 9.660610651434869e-24 28260
0.00199132 2.603513333543667e-18 1.013310082095769e-23 26036
0.00201421 2.680254354538612e-18 1.046109702615278e-23 24260
0.0020371 2.755264782921362e-18 1.099230567720192e-23 22416
0.00205999 2.773701446247228e-18 1.143439915602063e-23 20360
0.00208288 2.838659263628302e-18 1.181200409758408e-23 18360
0.00210576 2.935547794834028e-18 1.2751929422731e-23 16172
0.00212865 3.024370435334163e-18 1.301632823962324e-23 13977
0.00215154 3.037115390908799e-18 1.389226180008757e-23 12098
0.00217443 3.145683590285182e-18 1.402103799426785e-23 10472
0.00219732 3.229133454088629e-18 1.455720768174382e-23 9084
0.00222021 3.243009040099297e-18 1.517117118826952e-23 8084
0.0022431 3.303081742437219e-18 1.588200431008956e-23 6894
0.00226599 3.364231082959723e-18 1.674197506034261e-23 5990
0.00228887 3.368852580380525e-18 1.802749435013119e-23 5030
0.00231176 3.526916986985536e-18 1.838380071221597e-23 4368
0.00233465 3.538637108382984e-18 1.885174503155915e-23 3782
0.00235754 3.513612763324555e-18 1.955047032303579e-23 2856
0.00238043 3.88226344792337e-18 1.905626536207784e-23 2312
0.00240332 3.86078697277539e-18 2.139905216160084e-23 2238
0.00242621 3.706122807447749e-18 2.215854456309899e-23 1640
0.0024491 3.780831560692197e-18 2.250321013861331e-23 1160
0.00247198 4.060272549916192e-18 2.201487340111289e-23 732
0.00249487 4.24678446844453e-18 2.331895836937897e-23 728
0.00251776 3.918693380506054e-18 2.363435786284813e-23 456
0.00254065 4.252848191122887e-18 2.186406457847974e-23 242
0.00256354 3.878543414172348e-18 1.935176276465249e-23 72
0.00258643 4.639101724991447e-18 2.089792532590211e-23 56
0.00260932 2.156811444301169e-18 1.165435195259968e-23 7


2.28887e-05 3.083900932088805e-22 1.721920902665789e-31 18
4.57775e-05 1.03576981958955e-21 2.649375091713923e-30 62
6.86662e-05 3.425584946827964e-21 1.495266514186918e-29 98
9.1555e-05 5.884104580823312e-21 4.084881696938713e-29 210
0.000114444 9.48084967759805e-21 1.092577523386393e-28 350
0.000137332 1.174873136012498e-20 2.140060969923854e-28 450
0.000160221 1.681624060897723e-20 4.431983568087371e-28 602
0.00018311 2.085454080293573e-20 7.004582603846399e-28 762
0.000205999 2.802678637189117e-20 1.101132864641472e-27 1142
0.000228887 3.476342147213391e-20 1.753412596288655e-27 1250
0.000251776 4.028529917925146e-20 2.544261604954815e-27 1458
0.000274665 4.932007429855266e-20 3.704087337480229e-27 1814
0.000297554 5.797291629283878e-20 5.19152242020214e-27 2178
0.000320442 6.90721784546554e-20 6.910059812029019e-27 2498
0.000343331 7.581257191025611e-20 9.153258325650076e-27 2622
0.00036622 8.651059597138747e-20 1.149396191097549e-26 3338
0.000389109 9.946716654560029e-20 1.477945729397371e-26 3722
0.000411997 1.113546710904247e-19 1.773990668592503e-26 4170
0.000434886 1.271436218651107e-19 2.400309018378295e-26 4358
0.000457775 1.385111528670108e-19 2.844950232949559e-26 5034
0.000480664 1.54323038150786e-19 3.418488980143385e-26 5714
0.000503552 1.711888338767661e-19 4.243256436201367e-26 5982
0.000526441 1.83001065503743e-19 4.921420852988501e-26 6602
0.00054933 2.001864231951892e-19 6.00269459323647e-26 7130
0.000572219 2.172258807944869e-19 6.945870067583097e-26 8034
0.000595107 2.348187769309364e-19 8.098411224498425e-26 8606
0.000617996 2.512679794287839e-19 9.442553813327966e-26 9066
0.000640885 2.672878258893728e-19 1.108184599649053e-25 9962
0.000663774 2.908204760110539e-19 1.279392524238117e-25 10550
0.000686662 3.122361119132586e-19 1.447328434267436e-25 11226
0.000709551 3.325943862267996e-19 1.652765599843173e-25 12146
0.00073244 3.621543268989849e-19 1.875299607045127e-25 12606
0.000755329 3.767558467617516e-19 2.105880717607707e-25 13802
0.000778217 3.97148938154705e-19 2.373805650990443e-25 14754
0.000801106 4.133873928897681e-19 2.706185994286649e-25 15194
0.000823995 4.492118282790594e-19 2.990614283936938e-25 16454
0.000846884 4.691062079786717e-19 3.329439879026328e-25 17154
0.000869772 4.972356579113248e-19 3.790246909506817e-25 18266
0.000892661 5.267901956447487e-19 4.134290838264903e-25 18750
0.00091555 5.541341805782884e-19 4.562876811275977e-25 20234
0.000938439 5.841493462040636e-19 4.987896916428066e-25 21450
0.000961327 6.156853758286342e-19 5.565702222775728e-25 21962
0.000984216 6.467371538972343e-19 6.06274087077028e-25 23462
0.0010071 6.731383007055726e-19 6.684691875339442e-25 24042
0.00102999 6.999219763048424e-19 7.319795629327874e-25 25946
0.00105288 7.290255181318372e-19 8.009075582133861e-25 26118
0.00107577 7.663996518440054e-19 8.705498277598436e-25 27506
0.00109866 7.903452339014181e-19 9.444739374158137e-25 29066
0.00112155 8.216692980966182e-19 1.039886577864836e-24 30450
0.00114444 8.6632833532008e-19 1.10261667711609e-24 31742
0.00116733 8.927102506200937e-19 1.206095298972808e-24 32250
0.00119021 9.309020813754487e-19 1.303582506764985e-24 34250
0.0012131 9.743677022286637e-19 1.421836546239523e-24 35454
0.00123599 1.000720174033226e-18 1.525883820230543e-24 36434
0.00125888 1.035075260725261e-18 1.639725026362625e-24 37682
0.00128177 1.084149713750283e-18 1.742905558832713e-24 39294
0.00130466 1.133077252869719e-18 1.899237167822185e-24 41426
0.00132755 1.166016886701126e-18 2.015108056456277e-24 42066
0.00135044 1.203944888972458e-18 2.169292654640812e-24 43490
0.00137332 1.239761140417617e-18 2.311190155706631e-24 45702
0.00139621 1.29266852060661e-18 2.505391788442914e-24 46634
0.0014191 1.334620897124256e-18 2.66083776735894e-24 48554
0.00144199 1.369059671678786e-18 2.815524164601375e-24 48870
0.00146488 1.405073398395197e-18 3.006779113445887e-24 51554
0.00148777 1.464205413092285e-18 3.197387462783894e-24 54090
0.00151066 1.508538259372519e-18 3.406862504255348e-24 53675
0.00153355 1.535066685987183e-18 3.607751016151833e-24 54372
0.00155643 1.611267285327447e-18 3.809486010908242e-24 52340
0.00157932 1.632924678541021e-18 4.07945619450438e-24 52724
0.00160221 1.687497985459863e-18 4.282309426556363e-24 50724
0.0016251 1.738845954751319e-18 4.532360743578045e-24 49280
0.00164799 1.783622743488454e-18 4.745415919215832e-24 49368
0.00167088 1.847132284923955e-18 5.031852851623013e-24 47348
0.00169377 1.884577959357366e-18 5.312019955889557e-24 47204
0.00171666 1.948320411198699e-18 5.707889174860575e-24 44736
0.00173954 2.009949451478359e-18 5.931898649678524e-24 44132
0.00176243 2.050441252829148e-18 6.251754017568786e-24 42756
0.00178532 2.086350422012182e-18 6.598244047634187e-24 40532
0.00180821 2.175017392960862e-18 6.957670082141638e-24 39792
0.0018311 2.207283163669789e-18 7.19164452526903e-24 38180
0.00185399 2.244299612053605e-18 7.585445715977928e-24 36860
0.00187688 2.323455446200908e-18 8.021644312487306e-24 35100
0.00189977 2.369830523652383e-18 8.389640471540764e-24 33248
0.00192265 2.424450904591583e-18 8.820265356978004e-24 31752
0.00194554 2.471831460189639e-18 9.25072033741583e-24 29840
0.00196843 2.581586224527023e-18 9.660821358516249e-24 28260
0.00199132 2.603558400728513e-18 1.013301153946448e-23 26036
0.00201421 2.6802842326554e-18 1.046102397078828e-23 24260
0.0020371 2.755242398778033e-18 1.099236571726703e-23 22416
0.00205999 2.773813844192516e-18 1.14341388956388e-23 20360
0.00208288 2.83867160856702e-18 1.181195636606721e-23 18360
0.00210576 2.935646284592683e-18 1.275172609310504e-23 16172
0.00212865 3.024449426151247e-18 1.30161292330948e-23 13977
0.00215154 3.037164421686726e-18 1.389213089478675e-23 12098
0.00217443 3.145431945588302e-18 1.402165615722405e-23 10472
0.00219732 3.229185216251214e-18 1.455710036966723e-23 9084
0.00222021 3.243138950616939e-18 1.517083080413525e-23 8084
0.0022431 3.303033374735462e-18 1.588214098896931e-23 6894
0.00226599 3.364197645475779e-18 1.674205520771162e-23 5990
0.00228887 3.369092495218073e-18 1.802687242797369e-23 5030
0.00231176 3.526802963507126e-18 1.838409551819836e-23 4368
0.00233465 3.538423267407877e-18 1.885230551409661e-23 3782
0.00235754 3.513727875831948e-18 1.955016433662576e-23 2856
0.00238043 3.881809009614701e-18 1.905747893279554e-23 2312
0.00240332 3.860625422036314e-18 2.139950849637556e-23 2238
0.00242621 3.705857888978854e-18 2.215926590681253e-23 1640
0.0024491 3.78069792261404e-18 2.250357985670478e-23 1160
0.00247198 4.06027539776142e-18 2.201486482611866e-23 732
0.00249487 4.247018085498896e-18 2.331831356136762e-23 728
0.00251776 3.918731107494351e-18 2.363425180835309e-23 456
0.00254065 4.252321235022434e-18 2.18655200921256e-23 242
0.00256354 3.881314596561447e-18 1.93440805115101e-23 72
0.00258643 4.635112179882975e-18 2.09089842423859e-23 56
0.00260932 2.159901085787596e-18 1.164577151294143e-23 7


2.28887e-05 3.083931643899054e-22 1.721863515371917e-31 18
4.57775e-05 1.035755544941594e-21 2.649423605560722e-30 62
6.86662e-05 3.425565835352163e-21 1.495282521825397e-29 98
9.1555e-05 5.88418560707483e-21 4.084810750835836e-29 210
0.000114444 9.480895961491147e-21 1.092568758266624e-28 350
0.000137332 1.174887378918829e-20 2.140026709460391e-28 450
0.000160221 1.681629433706286e-20 4.431971091059197e-28 602
0.00018311 2.085436804840793e-20 7.004640326782133e-28 762
0.000205999 2.802653764380536e-20 1.101143535726142e-27 1142
0.000228887 3.476347488040576e-20 1.753409420508246e-27 1250
0.000251776 4.028590854069682e-20 2.544224198922943e-27 1458
0.000274665 4.931988507908425e-20 3.704102227373084e-27 1814
0.000297554 5.797275969166168e-20 5.191530838673368e-27 2178
0.000320442 6.907193677704069e-20 6.910080734945101e-27 2498
0.000343331 7.581257892694762e-20 9.153267682932277e-27 2622
0.00036622 8.65098331959227e-20 1.149406527977927e-26 3338
0.000389109 9.946766584967338e-20 1.477937741928576e-26 3722
0.000411997 1.113555192344882e-19 1.773977368247843e-26 4170
0.000434886 1.27143596822407e-19 2.400310525850817e-26 4358
0.000457775 1.38512490988734e-19 2.844925421865546e-26 5034
0.000480664 1.543217742239498e-19 3.418517677339529e-26 5714
0.000503552 1.711856713499816e-19 4.243334254556063e-26 5982
0.000526441 1.829978748863204e-19 4.92150708217113e-26 6602
0.00054933 2.001860407910102e-19 6.002703336644234e-26 7130
0.000572219 2.172284896595417e-19 6.945792197895225e-26 8034
0.000595107 2.348207981250994e-19 8.098345922282967e-26 8606
0.000617996 2.51267201038697e-19 9.442581122704205e-26 9066
0.000640885 2.672878992483881e-19 1.108184729054241e-25 9962
0.000663774 2.908154892457166e-19 1.279412529295779e-25 10550
0.000686662 3.122395364113126e-19 1.447312598696448e-25 11226
0.000709551 3.325993791959659e-19 1.652741683072407e-25 12146
0.00073244 3.621561942119836e-19 1.875289408043903e-25 12606
0.000755329 3.76748370831556e-19 2.105918337433564e-25 13802
0.000778217 3.971522384086436e-19 2.373784743929965e-25 14754
0.000801106 4.133798233736578e-19 2.70622906590787e-25 15194
0.000823995 4.492038166877938e-19 2.990660786372803e-25 16454
0.000846884 4.691090096248807e-19 3.32942057395999e-25 17154
0.000869772 4.97227673909792e-19 3.790297201829888e-25 18266
0.000892661 5.267752478153561e-19 4.134392712980649e-25 18750
0.00091555 5.541316805453293e-19 4.562890043377326e-25 20234
0.000938439 5.841476171806445e-19 4.987910122243701e-25 21450
0.000961327 6.15704201037306e-19 5.565557635929427e-25 21962
0.000984216 6.467398608597028e-19 6.062709522834778e-25 23462
0.0010071 6.731336748016679e-19 6.684724765947802e-25 24042
0.00102999 6.999318125574653e-19 7.319719029745775e-25 25946
0.00105288 7.290410236525452e-19 8.008946241975661e-25 26118
0.00107577 7.663807628147563e-19 8.705662901190756e-25 27506
0.00109866 7.903406618628755e-19 9.444781033791077e-25 29066
0.00112155 8.216715487465277e-19 1.039884318106947e-24 30450
0.00114444 8.663313623607224e-19 1.102613043074113e-24 31742
0.00116733 8.926909499041215e-19 1.206113570079349e-24 32250
0.00119021 9.308958508864506e-19 1.303588778149883e-24 34250
0.0012131 9.743625288673009e-19 1.421841844519631e-24 35454
0.00123599 1.000716274161694e-18 1.525888121200593e-24 36434
0.00125888 1.035067857049002e-18 1.639734285732764e-24 37682
0.00128177 1.084153079318188e-18 1.742902134285815e-24 39294
0.00130466 1.133077554338977e-18 1.899236389806446e-24 41426
0.00132755 1.166014596641429e-18 2.015113626484096e-24 42066
0.00135044 1.20395699007968e-18 2.169277745492043e-24 43490
0.00137332 1.239770846435744e-18 2.311181858437105e-24 45702
0.00139621 1.292693731466142e-18 2.505361167212246e-24 46634
0.0014191 1.334598341988031e-18 2.660868946109207e-24 48554
0.00144199 1.369063977988575e-18 2.8155184693282e-24 48870
0.00146488 1.405065542965282e-18 3.006787506365469e-24 51554
0.00148777 1.464216271811268e-18 3.197371547347282e-24 54090
0.00151066 1.508531997310595e-18 3.406866040431095e-24 53675
0.00153355 1.535127298256599e-18 3.607668279070579e-24 54372
0.00155643 1.611273032585097e-18 3.809482245001237e-24 52340
0.00157932 1.63292432553601e-18 4.07945611336494e-24 52724
0.00160221 1.687453690392428e-18 4.282372853799102e-24 50724
0.0016251 1.738829751083353e-18 4.532381780890141e-24 49280
0.00164799 1.78360949174278e-18 4.745432816977972e-24 49368
0.00167088 1.847124146349579e-18 5.031866977492834e-24 47348
0.00169377 1.88461256158443e-18 5.311961698976346e-24 47204
0.00171666 1.948361828079073e-18 5.707813979592983e-24 44736
0.00173954 2.009906716422293e-18 5.93198097747585e-24 44132
0.00176243 2.050459150806496e-18 6.251713257173457e-24 42756
0.00178532 2.086332006180994e-18 6.598289374222574e-24 40532
0.00180821 2.175002722743159e-18 6.95768930737887e-24 39792
0.0018311 2.20732089931124e-18 7.191575779591142e-24 38180
0.00185399 2.244224770240046e-18 7.585586718900591e-24 36860
0.00187688 2.323475530480076e-18 8.021609791281403e-24 35100
0.00189977 2.369817050674387e-18 8.389671530139199e-24 33248
0.00192265 2.424507444485856e-18 8.820156432273334e-24 31752
0.00194554 2.471857138865635e-18 9.250660493893104e-24 29840
0.00196843 2.581500748210843e-18 9.66101433545422e-24 28260
0.00199132 2.60361269222951e-18 1.013290268128631e-23 26036
0.00201421 2.680323483693523e-18 1.046093088883151e-23 24260
0.0020371 2.755229951826067e-18 1.099240398341726e-23 22416
0.00205999 2.773936737030649e-18 1.143385516687658e-23 20360
0.00208288 2.838694824072748e-18 1.181188445651235e-23 18360
0.00210576 2.935756806173866e-18 1.275149522896462e-23 16172
0.00212865 3.024540258256033e-18 1.301590241082994e-23 13977
0.00215154 3.037226661842614e-18 1.389196835402566e-23 12098
0.00217443 3.145193016081953e-18 1.402224327392813e-23 10472
0.00219732 3.229250097748831e-18 1.455696027018574e-23 9084
0.00222021 3.243282892445379e-18 1.517045499111874e-23 8084
0.0022431 3.302999910392587e-18 1.588223943319955e-23 6894
0.00226599 3.364180413298117e-18 1.674209396518637e-23 5990
0.00228887 3.369350937227373e-18 1.802620218296393e-23 5030
0.00231176 3.526707198373867e-18 1.838434220789975e-23 4368
0.00233465 3.538228389909325e-18 1.885281576426909e-23 3782
0.00235754 3.513863361127299e-18 1.954980376148508e-23 2856
0.00238043 3.88137196989384e-18 1.90586460737143e-23 2312
0.00240332 3.860485782713459e-18 2.139990636011998e-23 2238
0.00242621 3.705617050799948e-18 2.215992173092299e-23 1640
0.0024491 3.780588371873119e-18 2.250388306682338e-23 1160
0.00247198 4.060299770523684e-18 2.201479709737521e-23 732
0.00249487 4.247275187767066e-18 2.331760613789029e-23 728
0.00251776 3.918794370628167e-18 2.363407504009439e-23 456