0
1
2
3
4
5
5.99999999999999
6.99999999999999
7.99999999999999
8.99999999999998
9.99999999999998
11
12
13
14
15
16
17
18
19
20
21
22
23.0000000000001
24.0000000000001
25.0000000000001
26.0000000000001
27.0000000000001
28.0000000000001
29.0000000000001
30.0000000000002
31.0000000000002
32.0000000000002
33.0000000000002
34.0000000000002
35.0000000000002
36.0000000000002
37.0000000000003
38.0000000000003
39.0000000000003
40.0000000000003
41.0000000000003
42.0000000000003
43.0000000000003
44.0000000000004
45.0000000000004
46.0000000000004
47.0000000000004
48.0000000000004
49.0000000000004
50.0000000000004
51.0000000000005
52.0000000000005
53.0000000000005
54.0000000000005
55.0000000000005
56.0000000000005
57.0000000000005
58.0000000000006
59.0000000000006
60.0000000000006
61.0000000000006
62.0000000000006
63.0000000000006
64.0000000000006
65.0000000000006
66.0000000000005
67.0000000000005
68.0000000000004
69.0000000000004
70.0000000000003
71.0000000000002
72.0000000000002
73.0000000000001
74.0000000000001
75
76
76.9999999999999
77.9999999999998
78.9999999999998
79.9999999999997
80.9999999999997
81.9999999999996
82.9999999999996
83.9999999999995
84.9999999999994
85.9999999999994
86.9999999999993
87.9999999999993
88.9999999999992
89.9999999999992
90.9999999999991
91.999999999999
92.999999999999
93.9999999999989
94.9999999999989
95.9999999999988
96.9999999999988
97.9999999999987
98.9999999999986
99.9999999999986
100.999999999999
101.999999999998
102.999999999998
103.999999999998
104.999999999998
105.999999999998
106.999999999998
107.999999999998
108.999999999998
109.999999999998
110.999999999998
111.999999999998
112.999999999998
113.999999999998
114.999999999998
115.999999999998
116.999999999998
117.999999999998
118.999999999998
119.999999999997
120.999999999997
121.999999999997
122.999999999997
123.999999999997
124.999999999997
125.999999999997
126.999999999997
127.999999999997
128.999999999997
129.999999999997
130.999999999997
131.999999999997
132.999999999997
133.999999999997
134.999999999997
135.999999999997
136.999999999997
137.999999999996
138.999999999996
139.999999999996
140.999999999996
141.999999999996
142.999999999996
143.999999999996
144.999999999996
145.999999999996
146.999999999996
147.999999999996
148.999999999996
149.999999999996
150.999999999996
151.999999999996
152.999999999996
153.999999999996
154.999999999995
155.999999999995
156.999999999995
157.999999999995
158.999999999995
159.999999999995
160.999999999995
161.999999999995
162.999999999995
163.999999999995
164.999999999995
165.999999999995
166.999999999995
167.999999999995
168.999999999995
169.999999999995
170.999999999995
171.999999999995
172.999999999994
173.999999999994
174.999999999994
175.999999999994
176.999999999994
177.999999999994
178.999999999994
179.999999999994
180.999999999994
181.999999999994
182.999999999994
183.999999999994
184.999999999994
185.999999999994
186.999999999994
187.999999999994
188.999999999994
189.999999999993
190.999999999993
191.999999999993
192.999999999993
193.999999999993
194.999999999993
195.999999999993
196.999999999993
197.999999999993
198.999999999993
199.999999999993
200.999999999993
201.999999999993
202.999999999993
203.999999999993
204.999999999993
205.999999999993
206.999999999993
207.999999999992
208.999999999992
209.999999999992
210.999999999992
211.999999999992
212.999999999992
213.999999999992
214.999999999992
215.999999999992
216.999999999992
217.999999999992
218.999999999992
219.999999999992
220.999999999992
221.999999999992
222.999999999992
223.999999999992
224.999999999992
225.999999999991
226.999999999991
227.999999999991
228.999999999991
229.999999999991
230.999999999991
231.999999999991
232.999999999991
233.999999999991
234.999999999991
235.999999999991
236.999999999991
237.999999999991
238.999999999991
239.999999999991
240.999999999991
241.999999999991
242.99999999999
243.99999999999
244.99999999999
245.99999999999
246.99999999999
247.99999999999
248.99999999999
249.99999999999
250.99999999999
251.99999999999
252.99999999999
253.99999999999
254.99999999999
255.99999999999
256.99999999999
257.99999999999
258.99999999999
259.999999999991
260.999999999991
261.999999999991
262.999999999991
263.999999999992
264.999999999992
265.999999999992
266.999999999992
267.999999999992
268.999999999993
269.999999999993
270.999999999993
271.999999999993
272.999999999994
273.999999999994
274.999999999994
275.999999999994
276.999999999994
277.999999999995
278.999999999995
279.999999999995
280.999999999995
281.999999999996
282.999999999996
283.999999999996
284.999999999996
285.999999999997
286.999999999997
287.999999999997
288.999999999997
289.999999999997
290.999999999998
291.999999999998
292.999999999998
293.999999999998
294.999999999999
295.999999999999
296.999999999999
297.999999999999
298.999999999999
300
301
302
303
304.000000000001
305.000000000001
306.000000000001
307.000000000001
308.000000000002
309.000000000002
310.000000000002
311.000000000002
312.000000000002
313.000000000003
314.000000000003
315.000000000003
316.000000000003
317.000000000004
318.000000000004
319.000000000004
320.000000000004
321.000000000004
322.000000000005
323.000000000005
324.000000000005
325.000000000005
326.000000000006
327.000000000006
328.000000000006
329.000000000006
330.000000000007
331.000000000007
332.000000000007
333.000000000007
334.000000000007
335.000000000008
336.000000000008
337.000000000008
338.000000000008
339.000000000009
340.000000000009
341.000000000009
342.000000000009
343.000000000009
344.00000000001
345.00000000001
346.00000000001
347.00000000001
348.000000000011
349.000000000011
350.000000000011
351.000000000011
352.000000000012
353.000000000012
354.000000000012
355.000000000012
356.000000000012
357.000000000013
358.000000000013
359.000000000013
360.000000000013
361.000000000014
362.000000000014
363.000000000014
364.000000000014
365.000000000014
366.000000000015
367.000000000015
368.000000000015
369.000000000015
370.000000000016
371.000000000016
372.000000000016
373.000000000016
374.000000000017
375.000000000017
376.000000000017
377.000000000017
378.000000000017
379.000000000018
380.000000000018
381.000000000018
382.000000000018
383.000000000019
384.000000000019
385.000000000019
386.000000000019
387.000000000019
388.00000000002
389.00000000002
390.00000000002
391.00000000002
392.000000000021
393.000000000021
394.000000000021
395.000000000021
396.000000000022
397.000000000022
398.000000000022
399.000000000022
400.000000000022
401.000000000023
402.000000000023
403.000000000023
404.000000000023
405.000000000024
406.000000000024
407.000000000024
408.000000000024
409.000000000024
410.000000000025
411.000000000025
412.000000000025
413.000000000025
414.000000000026
415.000000000026
416.000000000026
417.000000000026
418.000000000027
419.000000000027
420.000000000027
421.000000000027
422.000000000027
423.000000000028
424.000000000028
425.000000000028
426.000000000028
427.000000000029
428.000000000029
429.000000000029
430.000000000029
431.00000000003
432.00000000003
433.00000000003
434.00000000003
435.00000000003
436.000000000031
437.000000000031
438.000000000031
439.000000000031
440.000000000032
441.000000000032
442.000000000032
443.000000000032
444.000000000032
445.000000000033
446.000000000033
447.000000000033
448.000000000033
449.000000000034
450.000000000034
451.000000000034
452.000000000034
453.000000000035
454.000000000035
455.000000000035
456.000000000035
457.000000000035
458.000000000036
459.000000000036
460.000000000036
461.000000000036
462.000000000037
463.000000000037
464.000000000037
465.000000000037
466.000000000037
467.000000000038
468.000000000038
469.000000000038
470.000000000038
471.000000000039
472.000000000039
473.000000000039
474.000000000039
475.00000000004
476.00000000004
477.00000000004
478.00000000004
479.00000000004
480.000000000041
481.000000000041
482.000000000041
483.000000000041
484.000000000042
485.000000000042
486.000000000042
487.000000000042
488.000000000042
489.000000000043
490.000000000043
491.000000000043
492.000000000043
493.000000000044
494.000000000044
495.000000000044
496.000000000044
497.000000000045
498.000000000045
499.000000000045
500.000000000045
501.000000000045
502.000000000046
503.000000000046
504.000000000046
505.000000000046
506.000000000047
507.000000000047
508.000000000047
509.000000000047
510.000000000047
511.000000000048
512.000000000048
513.000000000048
514.000000000048
515.000000000049
516.000000000049
517.000000000049
518.000000000049
519.000000000049
520.00000000005
521.00000000005
522.00000000005
523.00000000005
524.000000000051
525.000000000051
526.000000000051
527.000000000051
528.000000000052
529.000000000052
530.000000000052
531.000000000052
532.000000000052
533.000000000053
534.000000000053
535.000000000053
536.000000000053
537.000000000054
538.000000000054
539.000000000054
540.000000000054
541.000000000054
542.000000000055
543.000000000055
544.000000000055
545.000000000055
546.000000000056
547.000000000056
548.000000000056
549.000000000056
550.000000000057
551.000000000057
552.000000000057
553.000000000057
554.000000000057
555.000000000058
556.000000000058
557.000000000058
558.000000000058
559.000000000059
560.000000000059
561.000000000059
562.000000000059
563.000000000059
564.00000000006
565.00000000006
566.00000000006
567.00000000006
568.000000000061
569.000000000061
570.000000000061
571.000000000061
572.000000000062
573.000000000062
574.000000000062
575.000000000062
576.000000000062
577.000000000063
578.000000000063
579.000000000063
580.000000000063
581.000000000064
582.000000000064
583.000000000064
584.000000000064
585.000000000064
586.000000000065
587.000000000065
588.000000000065
589.000000000065
590.000000000066
591.000000000066
592.000000000066
593.000000000066
594.000000000067
595.000000000067
596.000000000067
597.000000000067
598.000000000067
599.000000000068
600.000000000068
601.000000000068
602.000000000068
603.000000000069
604.000000000069
605.000000000069
606.000000000069
607.000000000069
608.00000000007
609.00000000007
610.00000000007
611.00000000007
612.000000000071
613.000000000071
614.000000000071
615.000000000071
616.000000000072
617.000000000072
618.000000000072
619.000000000072
620.000000000072
621.000000000073
622.000000000073
623.000000000073
624.000000000073
625.000000000074
626.000000000074
627.000000000074
628.000000000074
629.000000000074
630.000000000075
631.000000000075
632.000000000075
633.000000000075
634.000000000076
635.000000000076
636.000000000076
637.000000000076
638.000000000077
639.000000000077
640.000000000077
641.000000000077
642.000000000077
643.000000000078
644.000000000078
645.000000000078
646.000000000078
647.000000000079
648.000000000079
649.000000000079
650.000000000079
651.000000000079
652.00000000008
653.00000000008
654.00000000008
655.00000000008
656.000000000081
657.000000000081
658.000000000081
659.000000000081
660.000000000082
661.000000000082
662.000000000082
663.000000000082
664.000000000082
665.000000000083
666.000000000083
667.000000000083
668.000000000083
669.000000000084
670.000000000084
671.000000000084
672.000000000084
673.000000000084
674.000000000085
675.000000000085
676.000000000085
677.000000000085
678.000000000086
679.000000000086
680.000000000086
681.000000000086
682.000000000087
683.000000000087
684.000000000087
685.000000000087
686.000000000087
687.000000000088
688.000000000088
689.000000000088
690.000000000088
691.000000000089
692.000000000089
693.000000000089
694.000000000089
695.000000000089
696.00000000009
697.00000000009
698.00000000009
699.00000000009
700.000000000091
701.000000000091
702.000000000091
703.000000000091
704.000000000092
705.000000000092
706.000000000092
707.000000000092
708.000000000092
709.000000000093
710.000000000093
711.000000000093
712.000000000093
713.000000000094
714.000000000094
715.000000000094
716.000000000094
717.000000000094
718.000000000095
719.000000000095
720.000000000095
721.000000000095
722.000000000096
723.000000000096
724.000000000096
725.000000000096
726.000000000097
727.000000000097
728.000000000097
729.000000000097
730.000000000097
731.000000000098
732.000000000098
733.000000000098
734.000000000098
735.000000000099
736.000000000099
737.000000000099
738.000000000099
739.000000000099
740.0000000001
741.0000000001
742.0000000001
743.0000000001
744.000000000101
745.000000000101
746.000000000101
747.000000000101
748.000000000102
749.000000000102
750.000000000102
751.000000000102
752.000000000102
753.000000000103
754.000000000103
755.000000000103
756.000000000103
757.000000000104
758.000000000104
759.000000000104
760.000000000104
761.000000000104
762.000000000105
763.000000000105
764.000000000105
765.000000000105
766.000000000106
767.000000000106
768.000000000106
769.000000000106
770.000000000107
771.000000000107
772.000000000107
773.000000000107
774.000000000107
775.000000000108
776.000000000108
777.000000000108
778.000000000108
779.000000000109
780.000000000109
781.000000000109
782.000000000109
783.000000000109
784.00000000011
785.00000000011
786.00000000011
787.00000000011
788.000000000111
789.000000000111
790.000000000111
791.000000000111
792.000000000112
793.000000000112
794.000000000112
795.000000000112
796.000000000112
797.000000000113
798.000000000113
799.000000000113
800.000000000113
801.000000000114
802.000000000114
803.000000000114
804.000000000114
805.000000000114
806.000000000115
807.000000000115
808.000000000115
809.000000000115
810.000000000116
811.000000000116
812.000000000116
813.000000000116
814.000000000117
815.000000000117
816.000000000117
817.000000000117
818.000000000117
819.000000000118
820.000000000118
821.000000000118
822.000000000118
823.000000000119
824.000000000119
825.000000000119
826.000000000119
827.000000000119
828.00000000012
829.00000000012
830.00000000012
831.00000000012
832.000000000121
833.000000000121
834.000000000121
835.000000000121
836.000000000122
837.000000000122
838.000000000122
839.000000000122
840.000000000122
841.000000000123
842.000000000123
843.000000000123
844.000000000123
845.000000000124
846.000000000124
847.000000000124
848.000000000124
849.000000000124
850.000000000125
851.000000000125
852.000000000125
853.000000000125
854.000000000126
855.000000000126
856.000000000126
857.000000000126
858.000000000127
859.000000000127
860.000000000127
861.000000000127
862.000000000127
863.000000000128
864.000000000128
865.000000000128
866.000000000128
867.000000000129
868.000000000129
869.000000000129
870.000000000129
871.000000000129
872.00000000013
873.00000000013
874.00000000013
875.00000000013
876.000000000131
877.000000000131
878.000000000131
879.000000000131
880.000000000132
881.000000000132
882.000000000132
883.000000000132
884.000000000132
885.000000000133
886.000000000133
887.000000000133
888.000000000133
889.000000000134
890.000000000134
891.000000000134
892.000000000134
893.000000000134
894.000000000135
895.000000000135
896.000000000135
897.000000000135
898.000000000136
899.000000000136
900.000000000136
901.000000000136
902.000000000137
903.000000000137
904.000000000137
905.000000000137
906.000000000137
907.000000000138
908.000000000138
909.000000000138
910.000000000138
911.000000000139
912.000000000139
913.000000000139
914.000000000139
915.000000000139
916.00000000014
917.00000000014
918.00000000014
919.00000000014
920.000000000141
921.000000000141
922.000000000141
923.000000000141
924.000000000142
925.000000000142
926.000000000142
927.000000000142
928.000000000142
929.000000000143
930.000000000143
931.000000000143
932.000000000143
933.000000000144
934.000000000144
935.000000000144
936.000000000144
937.000000000144
938.000000000145
939.000000000145
940.000000000145
941.000000000145
942.000000000146
943.000000000146
944.000000000146
945.000000000146
946.000000000147
947.000000000147
948.000000000147
949.000000000147
950.000000000147
951.000000000148
952.000000000148
953.000000000148
954.000000000148
955.000000000149
956.000000000149
957.000000000149
958.000000000149
959.000000000149
960.00000000015
961.00000000015
962.00000000015
963.00000000015
964.000000000151
965.000000000151
966.000000000151
967.000000000151
968.000000000152
969.000000000152
970.000000000152
971.000000000152
972.000000000152
973.000000000153
974.000000000153
975.000000000153
976.000000000153
977.000000000154
978.000000000154
979.000000000154
980.000000000154
981.000000000155
982.000000000155
983.000000000155
984.000000000155
985.000000000155
986.000000000156
987.000000000156
988.000000000156
989.000000000156
990.000000000157
991.000000000157
992.000000000157
993.000000000157
994.000000000157
995.000000000158
996.000000000158
997.000000000158
998.000000000158
999.000000000159
1000.00000000016
1001.00000000016
1002.00000000016
1003.00000000016
1004.00000000016
1005.00000000016
1006.00000000016
1007.00000000016
1008.00000000016
1009.00000000016
1010.00000000016
1011.00000000016
1012.00000000016
1013.00000000016
1014.00000000016
1015.00000000016
1016.00000000016
1017.00000000016
1018.00000000016
1019.00000000016
1020.00000000016
1021.00000000016
1022.00000000016
1023.00000000016
1024.00000000016
1025.00000000016
1026.00000000016
1027.00000000016
1028.00000000016
1029.00000000016
1030.00000000016
1031.00000000016
1032.00000000016
1033.00000000016
1034.00000000016
1035.00000000015
1036.00000000015
1037.00000000015
1038.00000000015
1039.00000000015
1040.00000000015
1041.00000000015
1042.00000000015
1043.00000000015
1044.00000000015
1045.00000000015
1046.00000000014
1047.00000000014
1048.00000000014
1049.00000000014
1050.00000000014
1051.00000000014
1052.00000000014
1053.00000000014
1054.00000000014
1055.00000000014
1056.00000000014
1057.00000000013
1058.00000000013
1059.00000000013
1060.00000000013
1061.00000000013
1062.00000000013
1063.00000000013
1064.00000000013
1065.00000000013
1066.00000000013
1067.00000000013
1068.00000000012
1069.00000000012
1070.00000000012
1071.00000000012
1072.00000000012
1073.00000000012
1074.00000000012
1075.00000000012
1076.00000000012
1077.00000000012
1078.00000000012
1079.00000000011
1080.00000000011
1081.00000000011
1082.00000000011
1083.00000000011
1084.00000000011
1085.00000000011
1086.00000000011
1087.00000000011
1088.00000000011
1089.00000000011
1090.0000000001
1091.0000000001
1092.0000000001
1093.0000000001
1094.0000000001
1095.0000000001
1096.0000000001
1097.0000000001
1098.0000000001
1099.0000000001
1100.0000000001
1101.00000000009
1102.00000000009
1103.00000000009
1104.00000000009
1105.00000000009
1106.00000000009
1107.00000000009
1108.00000000009
1109.00000000009
1110.00000000009
1111.00000000009
1112.00000000008
1113.00000000008
1114.00000000008
1115.00000000008
1116.00000000008
1117.00000000008
1118.00000000008
1119.00000000008
1120.00000000008
1121.00000000008
1122.00000000008
1123.00000000007
1124.00000000007
1125.00000000007
1126.00000000007
1127.00000000007
1128.00000000007
1129.00000000007
1130.00000000007
1131.00000000007
1132.00000000007
1133.00000000007
1134.00000000006
1135.00000000006
1136.00000000006
1137.00000000006
1138.00000000006
1139.00000000006
1140.00000000006
1141.00000000006
1142.00000000006
1143.00000000006
1144.00000000006
1145.00000000005
1146.00000000005
1147.00000000005
1148.00000000005
1149.00000000005
1150.00000000005
1151.00000000005
1152.00000000005
1153.00000000005
1154.00000000005
1155.00000000005
1156.00000000004
1157.00000000004
1158.00000000004
1159.00000000004
1160.00000000004
1161.00000000004
1162.00000000004
1163.00000000004
1164.00000000004
1165.00000000004
1166.00000000004
1167.00000000003
1168.00000000003
1169.00000000003
1170.00000000003
1171.00000000003
1172.00000000003
1173.00000000003
1174.00000000003
1175.00000000003
1176.00000000003
1177.00000000003
1178.00000000002
1179.00000000002
1180.00000000002
1181.00000000002
1182.00000000002
1183.00000000002
1184.00000000002
1185.00000000002
1186.00000000002
1187.00000000002
1188.00000000002
1189.00000000001
1190.00000000001
1191.00000000001
1192.00000000001
1193.00000000001
1194.00000000001
1195.00000000001
1196.00000000001
1197.00000000001
1198.00000000001
1199.00000000001
1200
1201
1202
1203
1204
1205
1206
1207
1208
1209
1209.99999999999
1210.99999999999
1211.99999999999
1212.99999999999
1213.99999999999
1214.99999999999
1215.99999999999
1216.99999999999
1217.99999999999
1218.99999999999
1219.99999999999
1220.99999999998
1221.99999999998
1222.99999999998
1223.99999999998
1224.99999999998
1225.99999999998
1226.99999999998
1227.99999999998
1228.99999999998
1229.99999999998
1230.99999999998
1231.99999999997
1232.99999999997
1233.99999999997
1234.99999999997
1235.99999999997
1236.99999999997
1237.99999999997
1238.99999999997
1239.99999999997
1240.99999999997
1241.99999999997
1242.99999999996
1243.99999999996
1244.99999999996
1245.99999999996
1246.99999999996
1247.99999999996
1248.99999999996
1249.99999999996
1250.99999999996
1251.99999999996
1252.99999999996
1253.99999999995
1254.99999999995
1255.99999999995
1256.99999999995
1257.99999999995
1258.99999999995
1259.99999999995
1260.99999999995
1261.99999999995
1262.99999999995
1263.99999999995
1264.99999999994
1265.99999999994
1266.99999999994
1267.99999999994
1268.99999999994
1269.99999999994
1270.99999999994
1271.99999999994
1272.99999999994
1273.99999999994
1274.99999999994
1275.99999999993
1276.99999999993
1277.99999999993
1278.99999999993
1279.99999999993
1280.99999999993
1281.99999999993
1282.99999999993
1283.99999999993
1284.99999999993
1285.99999999993
1286.99999999992
1287.99999999992
1288.99999999992
1289.99999999992
1290.99999999992
1291.99999999992
1292.99999999992
1293.99999999992
1294.99999999992
1295.99999999992
1296.99999999992
1297.99999999991
1298.99999999991
1299.99999999991
1300.99999999991
1301.99999999991
1302.99999999991
1303.99999999991
1304.99999999991
1305.99999999991
1306.99999999991
1307.99999999991
1308.9999999999
1309.9999999999
1310.9999999999
1311.9999999999
1312.9999999999
1313.9999999999
1314.9999999999
1315.9999999999
1316.9999999999
1317.9999999999
1318.9999999999
1319.99999999989
1320.99999999989
1321.99999999989
1322.99999999989
1323.99999999989
1324.99999999989
1325.99999999989
1326.99999999989
1327.99999999989
1328.99999999989
1329.99999999989
1330.99999999988
1331.99999999988
1332.99999999988
1333.99999999988
1334.99999999988
1335.99999999988
1336.99999999988
1337.99999999988
1338.99999999988
1339.99999999988
1340.99999999988
1341.99999999987
1342.99999999987
1343.99999999987
1344.99999999987
1345.99999999987
1346.99999999987
1347.99999999987
1348.99999999987
1349.99999999987
1350.99999999987
1351.99999999987
1352.99999999986
1353.99999999986
1354.99999999986
1355.99999999986
1356.99999999986
1357.99999999986
1358.99999999986
1359.99999999986
1360.99999999986
1361.99999999986
1362.99999999986
1363.99999999985
1364.99999999985
1365.99999999985
1366.99999999985
1367.99999999985
1368.99999999985
1369.99999999985
1370.99999999985
1371.99999999985
1372.99999999985
1373.99999999985
1374.99999999984
1375.99999999984
1376.99999999984
1377.99999999984
1378.99999999984
1379.99999999984
1380.99999999984
1381.99999999984
1382.99999999984
1383.99999999984
1384.99999999984
1385.99999999983
1386.99999999983
1387.99999999983
1388.99999999983
1389.99999999983
1390.99999999983
1391.99999999983
1392.99999999983
1393.99999999983
1394.99999999983
1395.99999999983
1396.99999999982
1397.99999999982
1398.99999999982
1399.99999999982
1400.99999999982
1401.99999999982
1402.99999999982
1403.99999999982
1404.99999999982
1405.99999999982
1406.99999999982
1407.99999999981
1408.99999999981
1409.99999999981
1410.99999999981
1411.99999999981
1412.99999999981
1413.99999999981
1414.99999999981
1415.99999999981
1416.99999999981
1417.99999999981
1418.9999999998
1419.9999999998
1420.9999999998
1421.9999999998
1422.9999999998
1423.9999999998
1424.9999999998
1425.9999999998
1426.9999999998
1427.9999999998
1428.9999999998
1429.99999999979
1430.99999999979
1431.99999999979
1432.99999999979
1433.99999999979
1434.99999999979
1435.99999999979
1436.99999999979
1437.99999999979
1438.99999999979
1439.99999999979
1440.99999999978
1441.99999999978
1442.99999999978
1443.99999999978
1444.99999999978
1445.99999999978
1446.99999999978
1447.99999999978
1448.99999999978
1449.99999999978
1450.99999999978
1451.99999999977
1452.99999999977
1453.99999999977
1454.99999999977
1455.99999999977
1456.99999999977
1457.99999999977
1458.99999999977
1459.99999999977
1460.99999999977
1461.99999999977
1462.99999999976
1463.99999999976
1464.99999999976
1465.99999999976
1466.99999999976
1467.99999999976
1468.99999999976
1469.99999999976
1470.99999999976
1471.99999999976
1472.99999999976
1473.99999999975
1474.99999999975
1475.99999999975
1476.99999999975
1477.99999999975
1478.99999999975
1479.99999999975
1480.99999999975
1481.99999999975
1482.99999999975
1483.99999999975
1484.99999999974
1485.99999999974
1486.99999999974
1487.99999999974
1488.99999999974
1489.99999999974
1490.99999999974
1491.99999999974
1492.99999999974
1493.99999999974
1494.99999999974
1495.99999999973
1496.99999999973
1497.99999999973
1498.99999999973
1499.99999999973
1500.99999999973
1501.99999999973
1502.99999999973
1503.99999999973
1504.99999999973
1505.99999999973
1506.99999999972
1507.99999999972
1508.99999999972
1509.99999999972
1510.99999999972
1511.99999999972
1512.99999999972
1513.99999999972
1514.99999999972
1515.99999999972
1516.99999999972
1517.99999999971
1518.99999999971
1519.99999999971
1520.99999999971
1521.99999999971
1522.99999999971
1523.99999999971
1524.99999999971
1525.99999999971
1526.99999999971
1527.99999999971
1528.9999999997
1529.9999999997
1530.9999999997
1531.9999999997
1532.9999999997
1533.9999999997
1534.9999999997
1535.9999999997
1536.9999999997
1537.9999999997
1538.9999999997
1539.99999999969
1540.99999999969
1541.99999999969
1542.99999999969
1543.99999999969
1544.99999999969
1545.99999999969
1546.99999999969
1547.99999999969
1548.99999999969
1549.99999999969
1550.99999999968
1551.99999999968
1552.99999999968
1553.99999999968
1554.99999999968
1555.99999999968
1556.99999999968
1557.99999999968
1558.99999999968
1559.99999999968
1560.99999999968
1561.99999999967
1562.99999999967
1563.99999999967
1564.99999999967
1565.99999999967
1566.99999999967
1567.99999999967
1568.99999999967
1569.99999999967
1570.99999999967
1571.99999999967
1572.99999999966
1573.99999999966
1574.99999999966
1575.99999999966
1576.99999999966
1577.99999999966
1578.99999999966
1579.99999999966
1580.99999999966
1581.99999999966
1582.99999999966
1583.99999999965
1584.99999999965
1585.99999999965
1586.99999999965
1587.99999999965
1588.99999999965
1589.99999999965
1590.99999999965
1591.99999999965
1592.99999999965
1593.99999999965
1594.99999999964
1595.99999999964
1596.99999999964
1597.99999999964
1598.99999999964
1599.99999999964
1600.99999999964
1601.99999999964
1602.99999999964
1603.99999999964
1604.99999999964
1605.99999999963
1606.99999999963
1607.99999999963
1608.99999999963
1609.99999999963
1610.99999999963
1611.99999999963
1612.99999999963
1613.99999999963
1614.99999999963
1615.99999999963
1616.99999999962
1617.99999999962
1618.99999999962
1619.99999999962
1620.99999999962
1621.99999999962
1622.99999999962
1623.99999999962
1624.99999999962
1625.99999999962
1626.99999999962
1627.99999999961
1628.99999999961
1629.99999999961
1630.99999999961
1631.99999999961
1632.99999999961
1633.99999999961
1634.99999999961
1635.99999999961
1636.99999999961
1637.99999999961
1638.9999999996
1639.9999999996
1640.9999999996
1641.9999999996
1642.9999999996
1643.9999999996
1644.9999999996
1645.9999999996
1646.9999999996
1647.9999999996
1648.9999999996
1649.99999999959
1650.99999999959
1651.99999999959
1652.99999999959
1653.99999999959
1654.99999999959
1655.99999999959
1656.99999999959
1657.99999999959
1658.99999999959
1659.99999999959
1660.99999999958
1661.99999999958
1662.99999999958
1663.99999999958
1664.99999999958
1665.99999999958
1666.99999999958
1667.99999999958
1668.99999999958
1669.99999999958
1670.99999999958
1671.99999999957
1672.99999999957
1673.99999999957
1674.99999999957
1675.99999999957
1676.99999999957
1677.99999999957
1678.99999999957
1679.99999999957
1680.99999999957
1681.99999999957
1682.99999999956
1683.99999999956
1684.99999999956
1685.99999999956
1686.99999999956
1687.99999999956
1688.99999999956
1689.99999999956
1690.99999999956
1691.99999999956
1692.99999999956
1693.99999999955
1694.99999999955
1695.99999999955
1696.99999999955
1697.99999999955
1698.99999999955
1699.99999999955
1700.99999999955
1701.99999999955
1702.99999999955
1703.99999999955
1704.99999999954
1705.99999999954
1706.99999999954
1707.99999999954
1708.99999999954
1709.99999999954
1710.99999999954
1711.99999999954
1712.99999999954
1713.99999999954
1714.99999999954
1715.99999999953
1716.99999999953
1717.99999999953
1718.99999999953
1719.99999999953
1720.99999999953
1721.99999999953
1722.99999999953
1723.99999999953
1724.99999999953
1725.99999999953
1726.99999999952
1727.99999999952
1728.99999999952
1729.99999999952
1730.99999999952
1731.99999999952
1732.99999999952
1733.99999999952
1734.99999999952
1735.99999999952
1736.99999999952
1737.99999999951
1738.99999999951
1739.99999999951
1740.99999999951
1741.99999999951
1742.99999999951
1743.99999999951
1744.99999999951
1745.99999999951
1746.99999999951
1747.99999999951
1748.9999999995
1749.9999999995
1750.9999999995
1751.9999999995
1752.9999999995
1753.9999999995
1754.9999999995
1755.9999999995
1756.9999999995
1757.9999999995
1758.9999999995
1759.99999999949
1760.99999999949
1761.99999999949
1762.99999999949
1763.99999999949
1764.99999999949
1765.99999999949
1766.99999999949
1767.99999999949
1768.99999999949
1769.99999999949
1770.99999999948
1771.99999999948
1772.99999999948
1773.99999999948
1774.99999999948
1775.99999999948
1776.99999999948
1777.99999999948
1778.99999999948
1779.99999999948
1780.99999999948
1781.99999999947
1782.99999999947
1783.99999999947
1784.99999999947
1785.99999999947
1786.99999999947
1787.99999999947
1788.99999999947
1789.99999999947
1790.99999999947
1791.99999999947
1792.99999999946
1793.99999999946
1794.99999999946
1795.99999999946
1796.99999999946
1797.99999999946
1798.99999999946
1799.99999999946
1800.99999999946
1801.99999999946
1802.99999999946
1803.99999999945
1804.99999999945
1805.99999999945
1806.99999999945
1807.99999999945
1808.99999999945
1809.99999999945
1810.99999999945
1811.99999999945
1812.99999999945
1813.99999999945
1814.99999999944
1815.99999999944
1816.99999999944
1817.99999999944
1818.99999999944
1819.99999999944
1820.99999999944
1821.99999999944
1822.99999999944
1823.99999999944
1824.99999999944
1825.99999999943
1826.99999999943
1827.99999999943
1828.99999999943
1829.99999999943
1830.99999999943
1831.99999999943
1832.99999999943
1833.99999999943
1834.99999999943
1835.99999999943
1836.99999999942
1837.99999999942
1838.99999999942
1839.99999999942
1840.99999999942
1841.99999999942
1842.99999999942
1843.99999999942
1844.99999999942
1845.99999999942
1846.99999999942
1847.99999999941
1848.99999999941
1849.99999999941
1850.99999999941
1851.99999999941
1852.99999999941
1853.99999999941
1854.99999999941
1855.99999999941
1856.99999999941
1857.99999999941
1858.9999999994
1859.9999999994
1860.9999999994
1861.9999999994
1862.9999999994
1863.9999999994
1864.9999999994
1865.9999999994
1866.9999999994
1867.9999999994
1868.9999999994
1869.99999999939
1870.99999999939
1871.99999999939
1872.99999999939
1873.99999999939
1874.99999999939
1875.99999999939
1876.99999999939
1877.99999999939
1878.99999999939
1879.99999999939
1880.99999999938
1881.99999999938
1882.99999999938
1883.99999999938
1884.99999999938
1885.99999999938
1886.99999999938
1887.99999999938
1888.99999999938
1889.99999999938
1890.99999999938
1891.99999999937
1892.99999999937
1893.99999999937
1894.99999999937
1895.99999999937
1896.99999999937
1897.99999999937
1898.99999999937
1899.99999999937
1900.99999999937
1901.99999999937
1902.99999999936
1903.99999999936
1904.99999999936
1905.99999999936
1906.99999999936
1907.99999999936
1908.99999999936
1909.99999999936
1910.99999999936
1911.99999999936
1912.99999999936
1913.99999999935
1914.99999999935
1915.99999999935
1916.99999999935
1917.99999999935
1918.99999999935
1919.99999999935
1920.99999999935
1921.99999999935
1922.99999999935
1923.99999999935
1924.99999999934
1925.99999999934
1926.99999999934
1927.99999999934
1928.99999999934
1929.99999999934
1930.99999999934
1931.99999999934
1932.99999999934
1933.99999999934
1934.99999999934
1935.99999999933
1936.99999999933
1937.99999999933
1938.99999999933
1939.99999999933
1940.99999999933
1941.99999999933
1942.99999999933
1943.99999999933
1944.99999999933
1945.99999999933
1946.99999999932
1947.99999999932
1948.99999999932
1949.99999999932
1950.99999999932
1951.99999999932
1952.99999999932
1953.99999999932
1954.99999999932
1955.99999999932
1956.99999999932
1957.99999999931
1958.99999999931
1959.99999999931
1960.99999999931
1961.99999999931
1962.99999999931
1963.99999999931
1964.99999999931
1965.99999999931
1966.99999999931
1967.99999999931
1968.9999999993
1969.9999999993
1970.9999999993
1971.9999999993
1972.9999999993
1973.9999999993
1974.9999999993
1975.9999999993
1976.9999999993
1977.9999999993
1978.9999999993
1979.99999999929
1980.99999999929
1981.99999999929
1982.99999999929
1983.99999999929
1984.99999999929
1985.99999999929
1986.99999999929
1987.99999999929
1988.99999999929
1989.99999999929
1990.99999999928
1991.99999999928
1992.99999999928
1993.99999999928
1994.99999999928
1995.99999999928
1996.99999999928
1997.99999999928
1998.99999999928
1999.99999999928
2000.99999999928
2001.99999999927
2002.99999999927
2003.99999999927
2004.99999999927
2005.99999999927
2006.99999999927
2007.99999999927
2008.99999999927
2009.99999999927
2010.99999999927
2011.99999999927
2012.99999999926
2013.99999999926
2014.99999999926
2015.99999999926
2016.99999999926
2017.99999999926
2018.99999999926
2019.99999999926
2020.99999999926
2021.99999999926
2022.99999999926
2023.99999999925
2024.99999999925
2025.99999999925
2026.99999999925
2027.99999999925
2028.99999999925
2029.99999999925
2030.99999999925
2031.99999999925
2032.99999999925
2033.99999999925
2034.99999999924
2035.99999999924
2036.99999999924
2037.99999999924
2038.99999999924
2039.99999999924
2040.99999999924
2041.99999999924
2042.99999999924
2043.99999999924
2044.99999999924
2045.99999999923
2046.99999999923
2047.99999999923
2048.99999999923
2049.99999999923
2050.99999999923
2051.99999999923
2052.99999999923
2053.99999999923
2054.99999999923
2055.99999999923
2056.99999999922
2057.99999999922
2058.99999999922
2059.99999999922
2060.99999999922
2061.99999999922
2062.99999999922
2063.99999999922
2064.99999999922
2065.99999999922
2066.99999999922
2067.99999999921
2068.99999999921
2069.99999999921
2070.99999999921
2071.99999999921
2072.99999999921
2073.99999999921
2074.99999999921
2075.99999999921
2076.99999999921
2077.99999999921
2078.9999999992
2079.9999999992
2080.9999999992
2081.9999999992
2082.9999999992
2083.9999999992
2084.9999999992
2085.9999999992
2086.9999999992
2087.9999999992
2088.9999999992
2089.99999999919
2090.99999999919
2091.99999999919
2092.99999999919
2093.99999999919
2094.99999999919
2095.99999999919
2096.99999999919
2097.99999999919
2098.99999999919
2099.99999999919
2100.99999999918
2101.99999999918
2102.99999999918
2103.99999999918
2104.99999999918
2105.99999999918
2106.99999999918
2107.99999999918
2108.99999999918
2109.99999999918
2110.99999999918
2111.99999999917
2112.99999999917
2113.99999999917
2114.99999999917
2115.99999999917
2116.99999999917
2117.99999999917
2118.99999999917
2119.99999999917
2120.99999999917
2121.99999999917
2122.99999999916
2123.99999999916
2124.99999999916
2125.99999999916
2126.99999999916
2127.99999999916
2128.99999999916
2129.99999999916
2130.99999999916
2131.99999999916
2132.99999999916
2133.99999999915
2134.99999999915
2135.99999999915
2136.99999999915
2137.99999999915
2138.99999999915
2139.99999999915
2140.99999999915
2141.99999999915
2142.99999999915
2143.99999999915
2144.99999999914
2145.99999999914
2146.99999999914
2147.99999999914
2148.99999999914
2149.99999999914
2150.99999999914
2151.99999999914
2152.99999999914
2153.99999999914
2154.99999999914
2155.99999999913
2156.99999999913
2157.99999999913
2158.99999999913
2159.99999999913
2160.99999999913
2161.99999999913
2162.99999999913
2163.99999999913
2164.99999999913
2165.99999999913
2166.99999999912
2167.99999999912
2168.99999999912
2169.99999999912
2170.99999999912
2171.99999999912
2172.99999999912
2173.99999999912
2174.99999999912
2175.99999999912
2176.99999999912
2177.99999999911
2178.99999999911
2179.99999999911
2180.99999999911
2181.99999999911
2182.99999999911
2183.99999999911
2184.99999999911
2185.99999999911
2186.99999999911
2187.99999999911
2188.9999999991
2189.9999999991
2190.9999999991
2191.9999999991
2192.9999999991
2193.9999999991
2194.9999999991
2195.9999999991
2196.9999999991
2197.9999999991
2198.9999999991
2199.99999999909
2200.99999999909
2201.99999999909
2202.99999999909
2203.99999999909
2204.99999999909
2205.99999999909
2206.99999999909
2207.99999999909
2208.99999999909
2209.99999999909
2210.99999999908
2211.99999999908
2212.99999999908
2213.99999999908
2214.99999999908
2215.99999999908
2216.99999999908
2217.99999999908
2218.99999999908
2219.99999999908
2220.99999999908
2221.99999999907
2222.99999999907
2223.99999999907
2224.99999999907
2225.99999999907
2226.99999999907
2227.99999999907
2228.99999999907
2229.99999999907
2230.99999999907
2231.99999999907
2232.99999999906
2233.99999999906
2234.99999999906
2235.99999999906
2236.99999999906
2237.99999999906
2238.99999999906
2239.99999999906
2240.99999999906
2241.99999999906
2242.99999999906
2243.99999999905
2244.99999999905
2245.99999999905
2246.99999999905
2247.99999999905
2248.99999999905
2249.99999999905
2250.99999999905
2251.99999999905
2252.99999999905
2253.99999999905
2254.99999999904
2255.99999999904
2256.99999999904
2257.99999999904
2258.99999999904
2259.99999999904
2260.99999999904
2261.99999999904
2262.99999999904
2263.99999999904
2264.99999999904
2265.99999999903
2266.99999999903
2267.99999999903
2268.99999999903
2269.99999999903
2270.99999999903
2271.99999999903
2272.99999999903
2273.99999999903
2274.99999999903
2275.99999999903
2276.99999999902
2277.99999999902
2278.99999999902
2279.99999999902
2280.99999999902
2281.99999999902
2282.99999999902
2283.99999999902
2284.99999999902
2285.99999999902
2286.99999999902
2287.99999999901
2288.99999999901
2289.99999999901
2290.99999999901
2291.99999999901
2292.99999999901
2293.99999999901
2294.99999999901
2295.99999999901
2296.99999999901
2297.99999999901
2298.999999999
2299.999999999
2300.999999999
2301.999999999
2302.999999999
2303.999999999
2304.999999999
2305.999999999
2306.999999999
2307.999999999
2308.999999999
2309.99999999899
2310.99999999899
2311.99999999899
2312.99999999899
2313.99999999899
2314.99999999899
2315.99999999899
2316.99999999899
2317.99999999899
2318.99999999899
2319.99999999899
2320.99999999898
2321.99999999898
2322.99999999898
2323.99999999898
2324.99999999898
2325.99999999898
2326.99999999898
2327.99999999898
2328.99999999898
2329.99999999898
2330.99999999898
2331.99999999897
2332.99999999897
2333.99999999897
2334.99999999897
2335.99999999897
2336.99999999897
2337.99999999897
2338.99999999897
2339.99999999897
2340.99999999897
2341.99999999897
2342.99999999896
2343.99999999896
2344.99999999896
2345.99999999896
2346.99999999896
2347.99999999896
2348.99999999896
2349.99999999896
2350.99999999896
2351.99999999896
2352.99999999896
2353.99999999895
2354.99999999895
2355.99999999895
2356.99999999895
2357.99999999895
2358.99999999895
2359.99999999895
2360.99999999895
2361.99999999895
2362.99999999895
2363.99999999895
2364.99999999894
2365.99999999894
2366.99999999894
2367.99999999894
2368.99999999894
2369.99999999894
2370.99999999894
2371.99999999894
2372.99999999894
2373.99999999894
2374.99999999894
2375.99999999893
2376.99999999893
2377.99999999893
2378.99999999893
2379.99999999893
2380.99999999893
2381.99999999893
2382.99999999893
2383.99999999893
2384.99999999893
2385.99999999893
2386.99999999892
2387.99999999892
2388.99999999892
2389.99999999892
2390.99999999892
2391.99999999892
2392.99999999892
2393.99999999892
2394.99999999892
2395.99999999892
2396.99999999892
2397.99999999891
2398.99999999891
2399.99999999891
2400.99999999891
2401.99999999891
2402.99999999891
2403.99999999891
2404.99999999891
2405.99999999891
2406.99999999891
2407.99999999891
2408.9999999989
2409.9999999989
2410.9999999989
2411.9999999989
2412.9999999989
2413.9999999989
2414.9999999989
2415.9999999989
2416.9999999989
2417.9999999989
2418.9999999989
2419.99999999889
2420.99999999889
2421.99999999889
2422.99999999889
2423.99999999889
2424.99999999889
2425.99999999889
2426.99999999889
2427.99999999889
2428.99999999889
2429.99999999889
2430.99999999888
2431.99999999888
2432.99999999888
2433.99999999888
2434.99999999888
2435.99999999888
2436.99999999888
2437.99999999888
2438.99999999888
2439.99999999888
2440.99999999888
2441.99999999887
2442.99999999887
2443.99999999887
2444.99999999887
2445.99999999887
2446.99999999887
2447.99999999887
2448.99999999887
2449.99999999887
2450.99999999887
2451.99999999887
2452.99999999886
2453.99999999886
2454.99999999886
2455.99999999886
2456.99999999886
2457.99999999886
2458.99999999886
2459.99999999886
2460.99999999886
2461.99999999886
2462.99999999886
2463.99999999885
2464.99999999885
2465.99999999885
2466.99999999885
2467.99999999885
2468.99999999885
2469.99999999885
2470.99999999885
2471.99999999885
2472.99999999885
2473.99999999885
2474.99999999884
2475.99999999884
2476.99999999884
2477.99999999884
2478.99999999884
2479.99999999884
2480.99999999884
2481.99999999884
2482.99999999884
2483.99999999884
2484.99999999884
2485.99999999883
2486.99999999883
2487.99999999883
2488.99999999883
2489.99999999883
2490.99999999883
2491.99999999883
2492.99999999883
2493.99999999883
2494.99999999883
2495.99999999883
2496.99999999882
2497.99999999882
2498.99999999882
2499.99999999882
2500.99999999882
2501.99999999882
2502.99999999882
2503.99999999882
2504.99999999882
2505.99999999882
2506.99999999882
2507.99999999881
2508.99999999881
2509.99999999881
2510.99999999881
2511.99999999881
2512.99999999881
2513.99999999881
2514.99999999881
2515.99999999881
2516.99999999881
2517.99999999881
2518.9999999988
2519.9999999988
2520.9999999988
2521.9999999988
2522.9999999988
2523.9999999988
2524.9999999988
2525.9999999988
2526.9999999988
2527.9999999988
2528.9999999988
2529.99999999879
2530.99999999879
2531.99999999879
2532.99999999879
2533.99999999879
2534.99999999879
2535.99999999879
2536.99999999879
2537.99999999879
2538.99999999879
2539.99999999879
2540.99999999878
2541.99999999878
2542.99999999878
2543.99999999878
2544.99999999878
2545.99999999878
2546.99999999878
2547.99999999878
2548.99999999878
2549.99999999878
2550.99999999878
2551.99999999877
2552.99999999877
2553.99999999877
2554.99999999877
2555.99999999877
2556.99999999877
2557.99999999877
2558.99999999877
2559.99999999877
2560.99999999877
2561.99999999877
2562.99999999876
2563.99999999876
2564.99999999876
2565.99999999876
2566.99999999876
2567.99999999876
2568.99999999876
2569.99999999876
2570.99999999876
2571.99999999876
2572.99999999876
2573.99999999875
2574.99999999875
2575.99999999875
2576.99999999875
2577.99999999875
2578.99999999875
2579.99999999875
2580.99999999875
2581.99999999875
2582.99999999875
2583.99999999875
2584.99999999874
2585.99999999874
2586.99999999874
2587.99999999874
2588.99999999874
2589.99999999874
2590.99999999874
2591.99999999874
2592.99999999874
2593.99999999874
2594.99999999874
2595.99999999873
2596.99999999873
2597.99999999873
2598.99999999873
2599.99999999873
2600.99999999873
2601.99999999873
2602.99999999873
2603.99999999873
2604.99999999873
2605.99999999873
2606.99999999872
2607.99999999872
2608.99999999872
2609.99999999872
2610.99999999872
2611.99999999872
2612.99999999872
2613.99999999872
2614.99999999872
2615.99999999872
2616.99999999872
2617.99999999871
2618.99999999871
2619.99999999871
2620.99999999871
2621.99999999871
2622.99999999871
2623.99999999871
2624.99999999871
2625.99999999871
2626.99999999871
2627.99999999871
2628.9999999987
2629.9999999987
2630.9999999987
2631.9999999987
2632.9999999987
2633.9999999987
2634.9999999987
2635.9999999987
2636.9999999987
2637.9999999987
2638.9999999987
2639.99999999869
2640.99999999869
2641.99999999869
2642.99999999869
2643.99999999869
2644.99999999869
